0.457004   0.37486   -0.124115
0.369666   -0.476695   0.1055
0.41677   0.325019   -0.294851
-0.00129679   0.300274   -0.472965
-0.172643   -0.337692   -0.414218
0.249319   -0.129728   -0.210408
0.457881   0.241143   -0.00124637
-0.127922   0.461596   0.439485
0.306604   0.306241   0.394522
-0.406891   -0.249519   -0.291871
0.442938   -0.462495   0.179339
-0.175615   -0.0855458   -0.395572
0.371838   -0.369704   -0.392394
0.0810681   0.0232621   -0.425109
-0.0955043   0.00747493   0.0219724
0.477771   -0.203348   -0.395572
-0.348702   0.292596   0.438896
0.405381   -0.000456928   -0.343133
0.330364   -0.495924   -0.296245
-0.350972   -0.367163   -0.448206
-0.324305   -0.126141   0.480396
-0.385097   -0.448333   -0.408271
-0.257847   0.29022   0.400115
-0.269602   0.053564   0.075869
0.101961   0.123826   -0.397983
0.496572   -0.0636935   -0.158093
0.230963   -0.189711   -0.39308
0.242199   0.343577   -0.280335
-0.206648   -0.163029   0.130007
0.102452   0.0955852   -0.484437
-0.323446   -0.290622   0.283768
-0.383904   0.191575   -0.0435673
0.0493369   -0.349319   -0.198591
-0.158886   0.161985   0.276109
-0.17894   -0.383787   -0.299325
0.440466   0.411947   0.0535987
-0.489127   0.0228832   -0.213691
-0.170296   0.017924   -0.119678
0.355927   0.0311701   0.136642
-0.404327   0.304157   0.379385
0.456434   0.459287   0.444193
-0.253743   0.191562   0.384219
-0.236352   0.118788   0.334045
-0.129282   0.221682   0.439456
-0.306952   0.131809   0.429254
-0.469256   0.325756   0.412133
-0.11093   -0.162269   -0.18591
0.280636   -0.200263   0.466865
-0.286423   0.237472   0.196063
-0.286009   0.15913   -0.456918
-0.430448   0.424901   -0.255739
0.449792   -0.23359   -0.132367
-0.231527   -0.305402   -0.129502
-0.3953   0.114306   0.0414452
0.0921086   0.193435   0.421304
0.412531   0.486309   -0.0912067
-0.358661   -0.488987   -0.0558836
0.273182   0.382791   0.259437
0.172375   0.0363104   -0.423896
-0.306973   -0.225177   -0.248635
0.216823   -0.0376408   0.23508
0.407635   -0.0416744   0.364803
0.0796295   -0.106996   -0.417283
-0.45069   0.48957   -0.0721048
-0.389397   0.148301   0.351194
0.184025   -0.477197   0.369807
-0.439553   -0.488447   0.423776
-0.0632917   -0.32425   0.475908
-0.176887   -0.00417884   -0.418024
-0.387702   0.493903   -0.171009
-0.25051   0.163412   0.274509
0.464862   0.0476895   -0.374314
-0.00917759   -0.248428   -0.167708
0.255486   0.189393   -0.446877
0.203467   0.233295   0.358296
0.303997   -0.297678   0.144035
0.305215   -0.403452   0.323767
0.0981331   -0.180114   -0.357915
-0.352311   0.337311   0.229596
-0.136822   0.339757   -0.0532815
0.317044   0.342451   0.0800531
-0.298646   -0.334421   -0.494302
-0.166259   0.0373185   0.353322
0.339977   0.375022   -0.0509286
0.297845   -0.0635962   0.117287
0.38343   0.112774   0.344063
-0.478077   -0.41107   -0.425607
0.207372   0.334302   0.261298
-0.0807713   -0.375192   0.361619
-0.320997   0.3449   0.354595
-0.211792   0.368029   -0.152808
-0.337232   0.0704403   -0.449734
0.0464502   -0.48775   0.0725933
0.215721   -0.282948   0.353101
0.111555   -0.478498   -0.351851
-0.11982   -0.270831   0.238018
0.398415   0.0406838   0.238897
-0.0530616   0.414076   -0.0776785
0.198017   -0.262754   0.272018
-0.453075   -0.314432   -0.322483
-0.0412455   0.0315381   0.250004
0.281574   -0.113095   0.0242665
0.358875   -0.224588   0.357613
-0.204801   0.165534   -0.1573
0.191956   -0.347987   0.247164
0.291532   -0.0456417   -0.265108
0.457822   0.155124   -0.0526767
0.315567   0.332206   -0.3387
