1	-7.471225	-7.471225	0.000000	1.249023	1.249023	0.000000	0.832682	0.832682	0.000000	-5.359294	-5.359294	0.000000	7.996038	7.996038	0.000000
2	-7.478352	-7.474788	0.003564	1.256467	1.252745	0.003722	0.837645	0.835163	0.000159	-5.358977	-5.359135	0.000000	7.972419	7.984229	0.011809
3	-7.476511	-7.475363	0.002136	1.254791	1.253427	0.002255	0.836527	0.835618	0.000141	-5.358812	-5.359028	0.000000	7.981600	7.983352	0.006874
4	-7.475658	-7.475436	0.001512	1.254062	1.253586	0.001602	0.836041	0.835724	0.000131	-5.358688	-5.358943	0.000000	7.983426	7.983371	0.004861
5	-7.471725	-7.474694	0.001387	1.250309	1.252930	0.001403	0.833539	0.835287	0.000134	-5.358508	-5.358856	0.000000	7.993367	7.985370	0.004263
6	-7.475352	-7.474804	0.001138	1.252911	1.252927	0.001146	0.835274	0.835285	0.000157	-5.359533	-5.358969	0.000000	7.987165	7.985669	0.003494
7	-7.474464	-7.474755	0.000963	1.252097	1.252809	0.000976	0.834731	0.835206	0.000150	-5.359458	-5.359039	0.000000	7.993430	7.986778	0.003154
8	-7.478956	-7.475280	0.000985	1.256262	1.253240	0.000949	0.837508	0.835493	0.000160	-5.359786	-5.359132	0.000000	7.971444	7.984861	0.003337
9	-7.478512	-7.475639	0.000940	1.256626	1.253616	0.000918	0.837751	0.835744	0.000142	-5.358978	-5.359115	0.000000	7.960223	7.982124	0.004019
10	-7.472211	-7.475297	0.000908	1.250589	1.253314	0.000875	0.833726	0.835542	0.000133	-5.358713	-5.359075	0.000000	8.001533	7.984065	0.004085
11	-7.476962	-7.475448	0.000835	1.255195	1.253485	0.000809	0.836797	0.835656	0.000122	-5.358859	-5.359055	0.000000	7.973371	7.983092	0.003821
12	-7.474295	-7.475352	0.000769	1.252223	1.253380	0.000746	0.834815	0.835586	0.000112	-5.359164	-5.359064	0.000000	7.983428	7.983120	0.003488
13	-7.478606	-7.475602	0.000750	1.256397	1.253612	0.000725	0.837598	0.835741	0.000105	-5.359301	-5.359082	0.000000	7.987843	7.983484	0.003229
14	-7.472888	-7.475408	0.000721	1.251269	1.253444	0.000692	0.834179	0.835630	0.000100	-5.358711	-5.359056	0.000000	7.995165	7.984318	0.003104
15	-7.475941	-7.475444	0.000672	1.253941	1.253477	0.000645	0.835961	0.835652	0.000093	-5.359092	-5.359058	0.000000	7.988500	7.984597	0.002903
16	-7.478740	-7.475650	0.000662	1.256446	1.253663	0.000631	0.837631	0.835775	0.000090	-5.359386	-5.359079	0.000000	7.957569	7.982908	0.003198
17	-7.474977	-7.475610	0.000623	1.252724	1.253608	0.000595	0.835149	0.835738	0.000086	-5.359345	-5.359094	0.000000	7.990649	7.983363	0.003038
18	-7.480035	-7.475856	0.000636	1.258027	1.253853	0.000613	0.838685	0.835902	0.000081	-5.359100	-5.359095	0.000000	7.954465	7.981757	0.003284
19	-7.479054	-7.476024	0.000625	1.256539	1.253995	0.000596	0.837692	0.835996	0.000081	-5.359607	-5.359122	0.000000	7.964976	7.980874	0.003229
20	-7.478155	-7.476131	0.000603	1.256053	1.254098	0.000575	0.837369	0.836065	0.000077	-5.359193	-5.359125	0.000000	7.952538	7.979457	0.003375
21	-7.478937	-7.476264	0.000588	1.255730	1.254175	0.000552	0.837153	0.836117	0.000092	-5.360299	-5.359181	0.000000	7.969443	7.978981	0.003246
22	-7.473636	-7.476145	0.000574	1.251227	1.254041	0.000544	0.834151	0.836027	0.000089	-5.359501	-5.359196	0.000000	7.994014	7.979664	0.003169
23	-7.477077	-7.476186	0.000550	1.254830	1.254076	0.000521	0.836553	0.836050	0.000085	-5.359339	-5.359202	0.000000	7.967822	7.979149	0.003072
24	-7.477618	-7.476245	0.000530	1.256210	1.254164	0.000506	0.837473	0.836110	0.000087	-5.358500	-5.359173	0.000000	7.966622	7.978627	0.002987
25	-7.477322	-7.476288	0.000510	1.255161	1.254204	0.000487	0.836774	0.836136	0.000083	-5.359253	-5.359176	0.000000	7.970416	7.978299	0.002884
26	-7.476456	-7.476295	0.000490	1.254168	1.254203	0.000468	0.836112	0.836135	0.000080	-5.359380	-5.359184	0.000000	8.005567	7.979347	0.002963
27	-7.474064	-7.476212	0.000479	1.252367	1.254135	0.000456	0.834911	0.836090	0.000079	-5.358789	-5.359169	0.000000	7.993910	7.979887	0.002901
28	-7.478077	-7.476279	0.000466	1.256167	1.254207	0.000445	0.837445	0.836138	0.000076	-5.359001	-5.359163	0.000000	7.967132	7.979431	0.002833
29	-7.475002	-7.476235	0.000452	1.252732	1.254157	0.000432	0.835155	0.836104	0.000074	-5.359362	-5.359170	0.000000	7.989762	7.979787	0.002756
30	-7.478726	-7.476318	0.000444	1.256967	1.254250	0.000428	0.837978	0.836167	0.000072	-5.358851	-5.359159	0.000000	7.966608	7.979348	0.002699
31	-7.478178	-7.476378	0.000434	1.255988	1.254306	0.000418	0.837326	0.836204	0.000070	-5.359282	-5.359163	0.000000	7.981279	7.979410	0.002611
32	-7.476551	-7.476383	0.000420	1.254670	1.254318	0.000405	0.836447	0.836212	0.000068	-5.358973	-5.359157	0.000000	7.990476	7.979756	0.002552
33	-7.477475	-7.476416	0.000409	1.254739	1.254331	0.000392	0.836493	0.836220	0.000069	-5.359827	-5.359178	0.000000	7.979710	7.979755	0.002473
34	-7.474132	-7.476349	0.000402	1.252533	1.254278	0.000384	0.835022	0.836185	0.000068	-5.358691	-5.359163	0.000000	7.995351	7.980214	0.002443
35	-7.474705	-7.476302	0.000393	1.253331	1.254251	0.000374	0.835554	0.836167	0.000069	-5.358466	-5.359143	0.000000	7.999671	7.980769	0.002436
36	-7.477880	-7.476346	0.000385	1.255575	1.254287	0.000365	0.837050	0.836192	0.000068	-5.359397	-5.359150	0.000000	7.971191	7.980503	0.002382
37	-7.475980	-7.476336	0.000374	1.253985	1.254279	0.000356	0.835990	0.836186	0.000066	-5.359087	-5.359149	0.000000	7.976497	7.980395	0.002320
38	-7.472151	-7.476226	0.000380	1.250819	1.254188	0.000358	0.833879	0.836125	0.000067	-5.358424	-5.359130	0.000000	7.998724	7.980877	0.002309
39	-7.476009	-7.476220	0.000371	1.254264	1.254190	0.000349	0.836176	0.836127	0.000066	-5.358837	-5.359122	0.000000	7.979963	7.980854	0.002249
40	-7.471636	-7.476106	0.000379	1.249940	1.254084	0.000356	0.833293	0.836056	0.000064	-5.358789	-5.359114	0.000000	7.996638	7.981249	0.002227
41	-7.473540	-7.476043	0.000375	1.252211	1.254038	0.000350	0.834808	0.836025	0.000065	-5.358421	-5.359097	0.000000	7.987138	7.981392	0.002177
42	-7.477302	-7.476073	0.000367	1.255104	1.254064	0.000343	0.836736	0.836042	0.000064	-5.359290	-5.359101	0.000000	7.982951	7.981429	0.002125
43	-7.476931	-7.476093	0.000359	1.255251	1.254091	0.000336	0.836834	0.836061	0.000063	-5.358772	-5.359094	0.000000	7.971421	7.981197	0.002088
44	-7.473965	-7.476045	0.000354	1.252280	1.254050	0.000331	0.834853	0.836033	0.000062	-5.358776	-5.359087	0.000000	7.981106	7.981195	0.002040
45	-7.481625	-7.476169	0.000368	1.259459	1.254170	0.000345	0.839639	0.836113	0.000060	-5.359258	-5.359090	0.000000	7.967805	7.980897	0.002016
46	-7.472235	-7.476083	0.000370	1.250384	1.254088	0.000347	0.833589	0.836059	0.000059	-5.358943	-5.359087	0.000000	8.006735	7.981459	0.002050
47	-7.475252	-7.476066	0.000362	1.253277	1.254071	0.000340	0.835518	0.836047	0.000058	-5.359067	-5.359087	0.000000	7.976353	7.981350	0.002009
48	-7.477970	-7.476105	0.000357	1.256304	1.254117	0.000336	0.837536	0.836078	0.000057	-5.358758	-5.359080	0.000000	7.951394	7.980726	0.002063
49	-7.473435	-7.476051	0.000354	1.251843	1.254071	0.000333	0.834562	0.836047	0.000056	-5.358684	-5.359072	0.000000	7.979362	7.980698	0.002021
50	-7.468633	-7.475902	0.000377	1.246472	1.253919	0.000359	0.830981	0.835946	0.000055	-5.359254	-5.359075	0.000000	7.988740	7.980859	0.001987
51	-7.476328	-7.475911	0.000369	1.254889	1.253938	0.000353	0.836592	0.835959	0.000055	-5.358532	-5.359065	0.000000	7.980932	7.980860	0.001947
52	-7.476814	-7.475928	0.000363	1.254467	1.253948	0.000346	0.836311	0.835965	0.000055	-5.359439	-5.359072	0.000000	7.987644	7.980991	0.001914
53	-7.476900	-7.475946	0.000356	1.255523	1.253978	0.000341	0.837015	0.835985	0.000055	-5.358469	-5.359061	0.000000	7.983737	7.981043	0.001878
54	-7.472518	-7.475883	0.000355	1.250122	1.253906	0.000342	0.833415	0.835938	0.000054	-5.359488	-5.359069	0.000000	8.010436	7.981587	0.001922
55	-7.478517	-7.475931	0.000352	1.257284	1.253968	0.000341	0.838190	0.835978	0.000055	-5.358324	-5.359055	0.000000	7.969419	7.981366	0.001900
56	-7.477619	-7.475961	0.000347	1.255819	1.254001	0.000337	0.837213	0.836001	0.000054	-5.358892	-5.359052	0.000000	7.975214	7.981256	0.001869
57	-7.477573	-7.475989	0.000342	1.255225	1.254022	0.000332	0.836817	0.836015	0.000054	-5.359440	-5.359059	0.000000	7.970643	7.981070	0.001845
58	-7.474218	-7.475959	0.000338	1.252404	1.253994	0.000327	0.834936	0.835996	0.000053	-5.358905	-5.359056	0.000000	8.012637	7.981614	0.001893
59	-7.473118	-7.475911	0.000335	1.250969	1.253943	0.000325	0.833979	0.835962	0.000052	-5.359240	-5.359059	0.000000	7.998482	7.981900	0.001882
60	-7.482251	-7.476016	0.000346	1.259965	1.254043	0.000335	0.839977	0.836029	0.000051	-5.359378	-5.359065	0.000000	7.949023	7.981352	0.001930
61	-7.474480	-7.475991	0.000341	1.252235	1.254014	0.000331	0.834824	0.836009	0.000051	-5.359337	-5.359069	0.000000	7.997497	7.981617	0.001916
62	-7.475439	-7.475982	0.000336	1.254194	1.254017	0.000326	0.836129	0.836011	0.000051	-5.358338	-5.359057	0.000000	7.981868	7.981621	0.001885
63	-7.474947	-7.475966	0.000331	1.253069	1.254002	0.000321	0.835380	0.836001	0.000051	-5.358970	-5.359056	0.000000	7.993115	7.981803	0.001864
64	-7.473626	-7.475929	0.000328	1.252132	1.253972	0.000317	0.834754	0.835982	0.000050	-5.358587	-5.359049	0.000000	7.978786	7.981756	0.001835
65	-7.473280	-7.475888	0.000325	1.251532	1.253935	0.000315	0.834355	0.835957	0.000050	-5.358840	-5.359045	0.000000	7.988101	7.981854	0.001810
66	-7.476800	-7.475902	0.000321	1.254923	1.253950	0.000310	0.836615	0.835967	0.000049	-5.358969	-5.359044	0.000000	7.963347	7.981573	0.001804
67	-7.475767	-7.475900	0.000316	1.253847	1.253948	0.000305	0.835898	0.835966	0.000048	-5.359011	-5.359044	0.000000	7.988787	7.981681	0.001780
68	-7.475795	-7.475899	0.000311	1.253919	1.253948	0.000301	0.835946	0.835965	0.000047	-5.358968	-5.359043	0.000000	7.968368	7.981485	0.001764
69	-7.475070	-7.475887	0.000307	1.253110	1.253936	0.000297	0.835407	0.835957	0.000047	-5.359052	-5.359043	0.000000	7.981232	7.981481	0.001739
70	-7.479206	-7.475934	0.000306	1.257485	1.253986	0.000297	0.838323	0.835991	0.000046	-5.358814	-5.359040	0.000000	7.967496	7.981282	0.001725
71	-7.473430	-7.475899	0.000304	1.251723	1.253955	0.000294	0.834482	0.835970	0.000046	-5.358799	-5.359036	0.000000	7.998973	7.981531	0.001719
72	-7.472881	-7.475857	0.000302	1.251531	1.253921	0.000292	0.834354	0.835947	0.000046	-5.358442	-5.359028	0.000000	7.999546	7.981781	0.001713
73	-7.473259	-7.475821	0.000300	1.251372	1.253886	0.000290	0.834248	0.835924	0.000045	-5.358978	-5.359027	0.000000	7.988867	7.981878	0.001692
74	-7.474683	-7.475806	0.000297	1.252837	1.253872	0.000287	0.835225	0.835915	0.000045	-5.358938	-5.359026	0.000000	7.974766	7.981782	0.001672
75	-7.471143	-7.475744	0.000299	1.249703	1.253816	0.000288	0.833136	0.835877	0.000044	-5.358531	-5.359019	0.000000	8.004353	7.982083	0.001677
76	-7.475441	-7.475740	0.000295	1.253894	1.253817	0.000284	0.835929	0.835878	0.000044	-5.358639	-5.359014	0.000000	7.982018	7.982082	0.001655
77	-7.478460	-7.475775	0.000294	1.256460	1.253852	0.000283	0.837640	0.835901	0.000044	-5.359092	-5.359015	0.000000	7.968604	7.981907	0.001642
78	-7.473574	-7.475747	0.000291	1.251341	1.253819	0.000281	0.834227	0.835880	0.000043	-5.359325	-5.359019	0.000000	7.989064	7.981999	0.001624
79	-7.477427	-7.475768	0.000288	1.255492	1.253841	0.000278	0.836995	0.835894	0.000043	-5.359027	-5.359019	0.000000	7.980819	7.981984	0.001603
80	-7.473949	-7.475745	0.000286	1.251551	1.253812	0.000276	0.834367	0.835875	0.000042	-5.359490	-5.359025	0.000000	7.982701	7.981993	0.001583
81	-7.478029	-7.475774	0.000283	1.255720	1.253835	0.000274	0.837147	0.835890	0.000042	-5.359401	-5.359030	0.000000	7.960458	7.981727	0.001586
82	-7.477005	-7.475789	0.000280	1.254517	1.253844	0.000271	0.836345	0.835896	0.000042	-5.359580	-5.359037	0.000000	7.981073	7.981719	0.001566
83	-7.478176	-7.475817	0.000278	1.255828	1.253868	0.000268	0.837219	0.835912	0.000042	-5.359440	-5.359042	0.000000	7.991677	7.981839	0.001552
84	-7.479564	-7.475862	0.000279	1.257799	1.253915	0.000269	0.838533	0.835943	0.000042	-5.358856	-5.359039	0.000000	7.962860	7.981613	0.001550
85	-7.475297	-7.475855	0.000275	1.253073	1.253905	0.000266	0.835382	0.835936	0.000041	-5.359316	-5.359043	0.000000	7.980834	7.981604	0.001532
86	-7.476617	-7.475864	0.000272	1.254680	1.253914	0.000263	0.836454	0.835942	0.000041	-5.359029	-5.359042	0.000000	7.983695	7.981628	0.001514
87	-7.479898	-7.475911	0.000273	1.257213	1.253952	0.000263	0.838142	0.835968	0.000041	-5.359777	-5.359051	0.000000	7.954092	7.981312	0.001530
88	-7.475197	-7.475902	0.000270	1.253400	1.253945	0.000260	0.835600	0.835964	0.000041	-5.358889	-5.359049	0.000000	7.988841	7.981397	0.001515
89	-7.474906	-7.475891	0.000267	1.253263	1.253938	0.000257	0.835509	0.835958	0.000040	-5.358735	-5.359046	0.000000	7.998971	7.981595	0.001510
90	-7.476927	-7.475903	0.000265	1.254366	1.253942	0.000254	0.836244	0.835962	0.000041	-5.359653	-5.359052	0.000000	7.988509	7.981672	0.001496
91	-7.476880	-7.475914	0.000262	1.254904	1.253953	0.000252	0.836603	0.835969	0.000040	-5.359068	-5.359052	0.000000	7.975709	7.981606	0.001480
92	-7.475488	-7.475909	0.000259	1.253258	1.253945	0.000249	0.835505	0.835964	0.000040	-5.359322	-5.359055	0.000000	7.993710	7.981738	0.001470
93	-7.478077	-7.475932	0.000257	1.256054	1.253968	0.000248	0.837369	0.835979	0.000039	-5.359116	-5.359056	0.000000	7.970140	7.981613	0.001460
94	-7.471731	-7.475888	0.000258	1.249623	1.253922	0.000249	0.833082	0.835948	0.000039	-5.359200	-5.359058	0.000000	8.005550	7.981868	0.001466
95	-7.475341	-7.475882	0.000256	1.252847	1.253911	0.000247	0.835232	0.835940	0.000039	-5.359585	-5.359063	0.000000	7.983767	7.981888	0.001451
96	-7.476584	-7.475889	0.000253	1.254893	1.253921	0.000244	0.836595	0.835947	0.000039	-5.358783	-5.359060	0.000000	7.971079	7.981775	0.001440
97	-7.476189	-7.475892	0.000251	1.254675	1.253929	0.000242	0.836450	0.835952	0.000038	-5.358606	-5.359056	0.000000	7.979192	7.981748	0.001425
98	-7.479110	-7.475925	0.000250	1.256764	1.253957	0.000241	0.837842	0.835972	0.000038	-5.359438	-5.359059	0.000000	7.969623	7.981625	0.001416
99	-7.476725	-7.475933	0.000248	1.254800	1.253966	0.000239	0.836533	0.835977	0.000038	-5.359017	-5.359059	0.000000	7.984137	7.981650	0.001402
100	-7.475155	-7.475925	0.000245	1.252810	1.253954	0.000237	0.835207	0.835970	0.000038	-5.359436	-5.359063	0.000000	7.990047	7.981734	0.001391
