1	-5.453141	-5.453141	0.000000	1.648397	1.648397	0.000000	1.098931	1.098931	0.000000	-3.376398	-3.376398	0.000000	1.399224	1.399224	0.000000
2	-5.430128	-5.441635	0.011506	1.624543	1.636470	0.011927	1.083029	1.090980	0.000421	-3.377239	-3.376818	0.000000	1.519363	1.459293	0.060069
3	-5.467617	-5.450295	0.010915	1.662607	1.645182	0.011105	1.108405	1.096788	0.000248	-3.376663	-3.376767	0.000000	1.388556	1.435714	0.041937
4	-5.438023	-5.447227	0.008306	1.632748	1.642074	0.008445	1.088499	1.094716	0.000180	-3.376928	-3.376807	0.000000	1.592538	1.474920	0.049158
5	-5.455784	-5.448939	0.006657	1.649808	1.643621	0.006722	1.099872	1.095747	0.000216	-3.377629	-3.376971	0.000000	1.397125	1.459361	0.041134
6	-5.469838	-5.452422	0.006456	1.664410	1.647085	0.006491	1.109607	1.098057	0.000177	-3.377081	-3.376990	0.000000	1.403949	1.450126	0.034832
7	-5.444448	-5.451283	0.005574	1.639836	1.646050	0.005583	1.093224	1.097367	0.000182	-3.376265	-3.376886	0.000000	1.568680	1.467062	0.033963
8	-5.456377	-5.451919	0.004869	1.651062	1.646676	0.004875	1.100708	1.097784	0.000158	-3.376968	-3.376897	0.000000	1.449145	1.464822	0.029498
9	-5.459112	-5.452719	0.004368	1.654264	1.647519	0.004381	1.102842	1.098346	0.000146	-3.376502	-3.376853	0.000000	1.460997	1.464397	0.026018
10	-5.426117	-5.450058	0.004726	1.622647	1.645032	0.004641	1.081765	1.096688	0.000217	-3.375124	-3.376680	0.000000	1.684301	1.486388	0.032018
11	-5.408383	-5.446270	0.005712	1.605152	1.641407	0.005547	1.070102	1.094271	0.000255	-3.374884	-3.376517	0.000000	1.727153	1.508275	0.036302
12	-5.471640	-5.448384	0.005627	1.667740	1.643601	0.005519	1.111827	1.095734	0.000246	-3.375554	-3.376436	0.000000	1.374040	1.497089	0.034976
13	-5.472967	-5.450275	0.005511	1.668391	1.645508	0.005423	1.112260	1.097005	0.000227	-3.376229	-3.376420	0.000000	1.324744	1.483832	0.034797
14	-5.438209	-5.449413	0.005174	1.634735	1.644739	0.005079	1.089824	1.096492	0.000230	-3.375127	-3.376328	0.000000	1.619916	1.493552	0.033651
15	-5.444152	-5.449062	0.004830	1.639629	1.644398	0.004741	1.093086	1.096265	0.000214	-3.376176	-3.376318	0.000000	1.477982	1.492514	0.031344
16	-5.455734	-5.449479	0.004537	1.650023	1.644749	0.004448	1.100015	1.096500	0.000211	-3.377364	-3.376383	0.000000	1.443101	1.489426	0.029482
17	-5.463982	-5.450332	0.004346	1.658816	1.645577	0.004260	1.105877	1.097051	0.000200	-3.376820	-3.376409	0.000000	1.439012	1.486460	0.027852
18	-5.460211	-5.450881	0.004134	1.655748	1.646142	0.004056	1.103832	1.097428	0.000189	-3.376117	-3.376393	0.000000	1.411429	1.482292	0.026588
19	-5.455588	-5.451129	0.003918	1.649676	1.646328	0.003841	1.099784	1.097552	0.000189	-3.377566	-3.376454	0.000000	1.356993	1.475697	0.026000
20	-5.447751	-5.450960	0.003721	1.643632	1.646193	0.003646	1.095755	1.097462	0.000182	-3.375772	-3.376420	0.000000	1.574785	1.480652	0.025158
21	-5.455704	-5.451186	0.003547	1.650281	1.646388	0.003474	1.100187	1.097592	0.000176	-3.377077	-3.376452	0.000000	1.446502	1.479026	0.023985
22	-5.445571	-5.450931	0.003391	1.641382	1.646160	0.003320	1.094254	1.097440	0.000170	-3.375843	-3.376424	0.000000	1.504218	1.480171	0.022898
23	-5.479163	-5.452158	0.003465	1.672790	1.647318	0.003377	1.115193	1.098212	0.000177	-3.378026	-3.376494	0.000000	1.286887	1.471767	0.023438
24	-5.440446	-5.451670	0.003353	1.636160	1.646853	0.003266	1.090773	1.097902	0.000171	-3.375940	-3.376471	0.000000	1.526588	1.474051	0.022556
25	-5.452439	-5.451701	0.003217	1.647325	1.646872	0.003133	1.098217	1.097915	0.000165	-3.376767	-3.376482	0.000000	1.408369	1.471424	0.021794
26	-5.438189	-5.451181	0.003134	1.634826	1.646409	0.003046	1.089884	1.097606	0.000168	-3.375017	-3.376426	0.000000	1.541697	1.474127	0.021113
27	-5.432859	-5.450503	0.003091	1.629237	1.645773	0.002999	1.086158	1.097182	0.000167	-3.375276	-3.376383	0.000000	1.639563	1.480254	0.021220
28	-5.450045	-5.450486	0.002979	1.644476	1.645726	0.002890	1.096317	1.097151	0.000164	-3.377222	-3.376413	0.000000	1.441948	1.478886	0.020493
29	-5.464634	-5.450974	0.002915	1.660021	1.646219	0.002832	1.106680	1.097480	0.000158	-3.376267	-3.376408	0.000000	1.410261	1.476520	0.019915
30	-5.474767	-5.451767	0.002926	1.669823	1.647006	0.002847	1.113215	1.098004	0.000153	-3.376598	-3.376415	0.000000	1.322168	1.471375	0.019916
31	-5.434435	-5.451208	0.002885	1.630778	1.646483	0.002803	1.087185	1.097655	0.000152	-3.375311	-3.376379	0.000000	1.614499	1.475991	0.019808
32	-5.456336	-5.451368	0.002798	1.651657	1.646644	0.002719	1.101105	1.097763	0.000147	-3.376333	-3.376378	0.000000	1.452294	1.475251	0.019194
33	-5.448121	-5.451270	0.002713	1.642372	1.646515	0.002638	1.094915	1.097677	0.000146	-3.377402	-3.376409	0.000000	1.508815	1.476268	0.018631
34	-5.473411	-5.451921	0.002712	1.669590	1.647194	0.002648	1.113060	1.098129	0.000144	-3.375474	-3.376381	0.000000	1.384355	1.473565	0.018276
35	-5.467476	-5.452366	0.002670	1.661975	1.647616	0.002605	1.107984	1.098411	0.000142	-3.377154	-3.376403	0.000000	1.385949	1.471061	0.017921
36	-5.446143	-5.452193	0.002601	1.640313	1.647413	0.002540	1.093542	1.098275	0.000141	-3.377483	-3.376433	0.000000	1.444828	1.470333	0.017432
37	-5.457490	-5.452336	0.002533	1.651565	1.647525	0.002473	1.101044	1.098350	0.000141	-3.377578	-3.376464	0.000000	1.485430	1.470741	0.016959
38	-5.441483	-5.452050	0.002482	1.636945	1.647247	0.002423	1.091297	1.098165	0.000137	-3.376191	-3.376457	0.000000	1.547129	1.472751	0.016629
39	-5.461961	-5.452304	0.002431	1.657922	1.647521	0.002376	1.105281	1.098347	0.000135	-3.375693	-3.376437	0.000000	1.474049	1.472784	0.016197
40	-5.453355	-5.452331	0.002370	1.648131	1.647536	0.002316	1.098754	1.098357	0.000132	-3.376878	-3.376448	0.000000	1.463518	1.472553	0.015788
41	-5.483564	-5.453092	0.002434	1.677342	1.648263	0.002373	1.118228	1.098842	0.000133	-3.377875	-3.376483	0.000000	1.288732	1.468069	0.016038
42	-5.451452	-5.453053	0.002375	1.646332	1.648217	0.002316	1.097555	1.098811	0.000130	-3.376774	-3.376490	0.000000	1.448791	1.467610	0.015658
43	-5.452734	-5.453046	0.002319	1.646359	1.648174	0.002262	1.097572	1.098782	0.000132	-3.378029	-3.376526	0.000000	1.408344	1.466232	0.015352
44	-5.441994	-5.452795	0.002280	1.637018	1.647920	0.002225	1.091345	1.098613	0.000129	-3.376630	-3.376528	0.000000	1.505468	1.467124	0.015025
45	-5.439950	-5.452509	0.002247	1.635634	1.647647	0.002192	1.090423	1.098431	0.000127	-3.375970	-3.376516	0.000000	1.534874	1.468629	0.014764
46	-5.457220	-5.452612	0.002200	1.651383	1.647728	0.002145	1.100922	1.098486	0.000126	-3.377491	-3.376537	0.000000	1.438759	1.467980	0.014454
47	-5.461037	-5.452791	0.002160	1.655550	1.647895	0.002105	1.103700	1.098596	0.000124	-3.377140	-3.376550	0.000000	1.392622	1.466376	0.014234
48	-5.444010	-5.452608	0.002122	1.639945	1.647729	0.002068	1.093297	1.098486	0.000122	-3.375719	-3.376533	0.000000	1.512654	1.467341	0.013968
49	-5.472554	-5.453015	0.002118	1.666440	1.648111	0.002061	1.110960	1.098741	0.000123	-3.377767	-3.376558	0.000000	1.395218	1.465869	0.013759
50	-5.438629	-5.452727	0.002095	1.634355	1.647836	0.002038	1.089570	1.098557	0.000121	-3.375927	-3.376545	0.000000	1.489559	1.466342	0.013489
51	-5.444630	-5.452569	0.002060	1.639637	1.647675	0.002004	1.093091	1.098450	0.000118	-3.376647	-3.376547	0.000000	1.467672	1.466369	0.013222
52	-5.461515	-5.452741	0.002027	1.656011	1.647835	0.001972	1.104008	1.098557	0.000117	-3.377157	-3.376559	0.000000	1.335213	1.463846	0.013208
53	-5.462343	-5.452922	0.001997	1.655507	1.647980	0.001939	1.103671	1.098653	0.000120	-3.378489	-3.376595	0.000000	1.316893	1.461074	0.013250
54	-5.458585	-5.453027	0.001962	1.653503	1.648082	0.001906	1.102336	1.098722	0.000118	-3.376735	-3.376598	0.000000	1.436605	1.460620	0.013010
55	-5.454159	-5.453047	0.001926	1.648115	1.648083	0.001871	1.098743	1.098722	0.000117	-3.377697	-3.376618	0.000000	1.435129	1.460157	0.012780
56	-5.464488	-5.453252	0.001903	1.658490	1.648269	0.001847	1.105660	1.098846	0.000117	-3.377652	-3.376636	0.000000	1.386232	1.458837	0.012619
57	-5.457490	-5.453326	0.001870	1.651231	1.648321	0.001815	1.100820	1.098881	0.000117	-3.377913	-3.376659	0.000000	1.356914	1.457049	0.012524
58	-5.447236	-5.453221	0.001841	1.642175	1.648215	0.001786	1.094783	1.098810	0.000115	-3.376714	-3.376660	0.000000	1.480259	1.457449	0.012312
59	-5.431878	-5.452859	0.001845	1.626347	1.647844	0.001794	1.084231	1.098563	0.000113	-3.377185	-3.376669	0.000000	1.523092	1.458562	0.012153
60	-5.487604	-5.453438	0.001904	1.681185	1.648400	0.001850	1.120790	1.098933	0.000114	-3.378072	-3.376692	0.000000	1.270054	1.455420	0.012355
61	-5.439483	-5.453210	0.001887	1.634814	1.648177	0.001833	1.089876	1.098785	0.000112	-3.376323	-3.376686	0.000000	1.551522	1.456995	0.012252
62	-5.466012	-5.453416	0.001868	1.660274	1.648372	0.001813	1.106849	1.098915	0.000111	-3.377392	-3.376697	0.000000	1.405784	1.456169	0.012081
63	-5.443067	-5.453252	0.001845	1.637932	1.648207	0.001792	1.091954	1.098804	0.000109	-3.376789	-3.376699	0.000000	1.510690	1.457035	0.011919
64	-5.457513	-5.453318	0.001817	1.653237	1.648285	0.001766	1.102158	1.098857	0.000108	-3.375929	-3.376687	0.000000	1.489071	1.457535	0.011742
65	-5.472203	-5.453609	0.001812	1.667985	1.648588	0.001764	1.111990	1.099059	0.000107	-3.375871	-3.376674	0.000000	1.369789	1.456185	0.011639
66	-5.426210	-5.453194	0.001832	1.621720	1.648181	0.001785	1.081147	1.098787	0.000106	-3.376143	-3.376666	0.000000	1.589823	1.458210	0.011639
67	-5.455528	-5.453229	0.001805	1.650053	1.648209	0.001758	1.100035	1.098806	0.000104	-3.377129	-3.376673	0.000000	1.400657	1.457351	0.011496
68	-5.430939	-5.452901	0.001808	1.626562	1.647891	0.001761	1.084374	1.098594	0.000103	-3.376031	-3.376664	0.000000	1.511923	1.458154	0.011354
69	-5.447436	-5.452822	0.001784	1.642723	1.647816	0.001737	1.095148	1.098544	0.000102	-3.376367	-3.376659	0.000000	1.507729	1.458872	0.011211
70	-5.450446	-5.452788	0.001758	1.643779	1.647758	0.001713	1.095853	1.098505	0.000103	-3.378320	-3.376683	0.000000	1.413266	1.458221	0.011069
71	-5.450894	-5.452761	0.001734	1.646587	1.647742	0.001689	1.097725	1.098494	0.000102	-3.375960	-3.376673	0.000000	1.491843	1.458694	0.010922
72	-5.464742	-5.452927	0.001718	1.659469	1.647905	0.001673	1.106313	1.098603	0.000101	-3.376927	-3.376676	0.000000	1.340373	1.457051	0.010894
73	-5.447582	-5.452854	0.001695	1.641922	1.647823	0.001652	1.094614	1.098548	0.000100	-3.377314	-3.376685	0.000000	1.490447	1.457508	0.010754
74	-5.451030	-5.452830	0.001673	1.645972	1.647798	0.001630	1.097314	1.098532	0.000098	-3.376712	-3.376686	0.000000	1.439458	1.457264	0.010610
75	-5.465255	-5.452995	0.001658	1.658732	1.647943	0.001614	1.105821	1.098629	0.000099	-3.378177	-3.376705	0.000000	1.398266	1.456478	0.010497
76	-5.456508	-5.453041	0.001637	1.652126	1.647998	0.001594	1.101418	1.098666	0.000098	-3.376035	-3.376697	0.000000	1.428789	1.456113	0.010365
77	-5.462656	-5.453166	0.001621	1.656982	1.648115	0.001577	1.104655	1.098743	0.000097	-3.377327	-3.376705	0.000000	1.362479	1.454897	0.010301
78	-5.453941	-5.453176	0.001600	1.647842	1.648112	0.001557	1.098562	1.098741	0.000097	-3.377752	-3.376718	0.000000	1.506812	1.455563	0.010190
79	-5.448085	-5.453112	0.001581	1.643430	1.648052	0.001538	1.095620	1.098702	0.000096	-3.376309	-3.376713	0.000000	1.480101	1.455874	0.010065
80	-5.452713	-5.453107	0.001561	1.648987	1.648064	0.001519	1.099324	1.098709	0.000096	-3.375380	-3.376696	0.000000	1.402649	1.455208	0.009961
81	-5.463705	-5.453238	0.001547	1.659379	1.648204	0.001507	1.106253	1.098802	0.000095	-3.375979	-3.376687	0.000000	1.436024	1.454971	0.009840
82	-5.451003	-5.453210	0.001528	1.645832	1.648175	0.001488	1.097221	1.098783	0.000094	-3.376824	-3.376689	0.000000	1.398152	1.454278	0.009744
83	-5.464350	-5.453345	0.001516	1.659158	1.648307	0.001476	1.106105	1.098871	0.000093	-3.376846	-3.376691	0.000000	1.378294	1.453363	0.009669
84	-5.436737	-5.453147	0.001510	1.631582	1.648108	0.001472	1.087721	1.098739	0.000092	-3.376809	-3.376692	0.000000	1.568995	1.454740	0.009652
85	-5.442650	-5.453023	0.001498	1.638610	1.647996	0.001459	1.092407	1.098664	0.000092	-3.375694	-3.376681	0.000000	1.482804	1.455070	0.009543
86	-5.446129	-5.452943	0.001482	1.641394	1.647919	0.001444	1.094263	1.098613	0.000091	-3.376388	-3.376677	0.000000	1.432934	1.454812	0.009435
87	-5.450100	-5.452911	0.001465	1.645020	1.647886	0.001428	1.096680	1.098591	0.000090	-3.376733	-3.376678	0.000000	1.429741	1.454524	0.009331
88	-5.445555	-5.452827	0.001451	1.640126	1.647798	0.001414	1.093418	1.098532	0.000089	-3.377082	-3.376683	0.000000	1.486530	1.454888	0.009231
89	-5.467516	-5.452992	0.001444	1.661053	1.647947	0.001406	1.107369	1.098631	0.000089	-3.378116	-3.376699	0.000000	1.321133	1.453385	0.009250
90	-5.462675	-5.453100	0.001432	1.657145	1.648049	0.001394	1.104763	1.098699	0.000088	-3.377184	-3.376704	0.000000	1.391002	1.452692	0.009173
91	-5.462243	-5.453200	0.001420	1.657401	1.648152	0.001383	1.104934	1.098768	0.000087	-3.376496	-3.376702	0.000000	1.410916	1.452233	0.009083
92	-5.463437	-5.453311	0.001409	1.657253	1.648251	0.001371	1.104835	1.098834	0.000087	-3.377838	-3.376714	0.000000	1.445101	1.452155	0.008984
93	-5.444331	-5.453215	0.001397	1.639979	1.648162	0.001359	1.093320	1.098775	0.000087	-3.376005	-3.376706	0.000000	1.499754	1.452667	0.008902
94	-5.454270	-5.453226	0.001382	1.649075	1.648172	0.001345	1.099383	1.098781	0.000086	-3.376849	-3.376708	0.000000	1.407662	1.452188	0.008819
95	-5.459830	-5.453296	0.001369	1.654341	1.648236	0.001332	1.102894	1.098824	0.000085	-3.377143	-3.376713	0.000000	1.434659	1.452004	0.008728
96	-5.432373	-5.453078	0.001372	1.627854	1.648024	0.001335	1.085236	1.098683	0.000084	-3.376173	-3.376707	0.000000	1.548893	1.453013	0.008695
97	-5.440680	-5.452950	0.001364	1.636880	1.647909	0.001326	1.091253	1.098606	0.000084	-3.375454	-3.376694	0.000000	1.529039	1.453797	0.008641
98	-5.443924	-5.452858	0.001353	1.639284	1.647821	0.001315	1.092856	1.098547	0.000084	-3.376294	-3.376690	0.000000	1.508757	1.454358	0.008571
99	-5.444247	-5.452771	0.001342	1.639074	1.647733	0.001305	1.092716	1.098489	0.000083	-3.376826	-3.376691	0.000000	1.535445	1.455177	0.008523
100	-5.443596	-5.452679	0.001332	1.638282	1.647638	0.001295	1.092188	1.098426	0.000082	-3.376968	-3.376694	0.000000	1.474236	1.455367	0.008439
