0.00315148   0.189858   -0.158913
0.457233   0.0348927   -0.448283
-0.18851   -0.0152334   0.0879305
0.141335   0.119963   0.0220114
0.275784   -0.020983   -0.13231
-0.180688   -0.0479402   0.176885
-0.226046   0.385731   0.249376
-0.210919   0.131011   -0.0364331
-0.459855   0.25031   0.0198671
-0.250418   -0.159604   0.294631
0.0245717   0.440689   0.0151615
0.291017   -0.225424   -0.030879
0.195915   -0.490179   -0.326816
0.120741   -0.147658   0.0387838
0.329909   -0.042665   -0.216547
0.405471   0.284139   0.125715
0.245167   -0.0315929   -0.210073
-0.489472   -0.138798   0.254644
-0.286193   -0.491151   -0.0302079
0.0991297   0.107856   0.204137
0.144781   -0.258901   -0.401837
-0.0449623   -0.21847   -0.447609
-0.0996817   0.0676101   0.0619895
-0.00992867   0.0832311   0.0258059
0.440528   0.330937   -0.458782
0.398457   0.244648   -0.272412
-0.401191   0.495193   -0.0504552
-0.337896   0.174935   0.388307
-0.10739   0.0968955   0.377047
-0.434296   0.453471   -0.466903
0.229339   -0.381945   0.170236
0.065513   0.286604   0.279835
0.320535   0.438691   -0.390815
0.136526   -0.186022   -0.434551
-0.19844   0.040098   0.359556
0.156906   0.207831   0.223306
-0.499624   0.0337008   -0.0360975
0.414314   -0.32302   0.280164
0.31393   0.368197   -0.0857389
-0.401275   0.148731   0.0322799
-0.384613   0.31724   -0.0336625
-0.386239   0.158913   0.211809
0.448704   -0.175366   0.301019
-0.298419   -0.278516   -0.404211
0.174698   0.21474   -0.234729
0.366168   -0.232985   0.268836
0.111242   -0.254473   0.233832
0.300636   -0.10035   0.31594
-0.403357   -0.41581   -0.419829
-0.447642   -0.435706   0.448267
-0.293885   -0.0719182   0.138956
0.388675   0.285572   0.226364
0.379955   0.191263   0.121561
0.0936893   0.317572   -0.110017
-0.258846   -0.376699   -0.152663
0.313124   -0.367369   0.202874
-0.324516   0.194165   -0.345948
-0.448398   0.0532628   0.102597
0.165346   -0.415793   0.224976
-0.455695   -0.176745   -0.269884
-0.349157   -0.149077   0.460234
0.482101   0.333543   0.199448
-0.408046   -0.353469   0.448978
-0.169651   -0.483925   0.383724
0.180858   0.0869585   -0.183528
-0.327688   -0.225296   0.193178
-0.00199412   0.326005   -0.208296
-0.394951   -0.170001   -0.416681
-0.361673   0.254696   -0.240448
-0.184349   -0.0981683   -0.238793
-0.0523098   0.209771   -0.334236
0.364999   -0.428449   0.451167
0.314315   -0.376083   -0.320574
0.0600767   -0.175987   0.10522
-0.343594   -0.460221   -0.366823
-0.228206   -0.447534   -0.382964
0.344672   -0.486886   -0.427023
0.401406   0.345676   -0.389501
0.26039   -0.485887   0.2916
0.145108   -0.194323   0.18288
-0.142398   -0.020481   -0.170231
0.385232   0.478428   0.358504
-0.257399   -0.163735   0.127145
0.443188   0.41525   0.328176
0.0554884   -0.291392   0.316892
-0.466308   -0.194982   -0.0154329
0.298157   0.195156   0.143887
-0.271184   -0.0843637   -0.20481
-0.186338   -0.103102   0.0629657
0.261835   -0.279877   -0.0832894
-0.280714   -0.240298   -0.133694
-0.307241   0.313983   0.0880211
-0.155539   0.114436   -0.147061
-0.124237   -0.227451   0.4303
-0.385898   0.184756   0.321304
0.303895   -0.383677   0.101381
0.2422   0.0298498   -0.393204
-0.0070854   -0.231879   0.444788
0.447558   0.33343   0.281135
-0.0739738   0.25312   -0.234956
-0.388788   0.383903   0.141809
0.155437   0.00344423   -0.196198
-0.0739225   0.0811475   -0.311843
-0.484552   -0.203748   0.361062
0.476046   -0.402528   -0.319773
-0.430439   -0.142081   -0.346236
0.0872037   -0.237123   -0.0150082
-0.276611   -0.268165   -0.0212939
