86.80
96.64
108.44
93.26
67.44
102.04
106.62
111.68
95.40
95.70
131.52
90.52
91.66
119.44
88.84
111.46
85.22
107.68
135.52
122.12
81.82
98.70
120.34
106.78
110.02
90.66
114.74
85.44
112.74
115.26
93.08
103.52
130.12
74.10
75.38
100.24
114.24
86.30
100.20
109.72
88.84
92.68
98.14
91.82
104.80
90.90
86.82
104.06
105.40
91.94
113.52
71.24
103.16
104.92
65.56
96.26
68.62
116.16
110.52
137.34
113.98
89.02
143.52
89.18
106.76
105.76
114.58
100.14
99.18
110.02
106.44
94.08
88.84
83.16
99.74
81.28
98.80
107.78
89.62
82.10
66.04
117.80
103.34
96.06
90.94
130.32
96.40
84.32
91.84
90.64
93.24
117.08
102.52
106.38
103.38
122.98
90.80
100.20
93.84
86.56
