1	1	1	61.7342
2	0.970874	1.03	74.1293
3	0.942596	1.0609	71.0419
4	0.915142	1.09273	66.6917
5	0.888487	1.12551	67.7189
6	0.862609	1.15927	63.6428
7	0.837484	1.19405	53.9143
8	0.813092	1.22987	60.9543
9	0.789409	1.26677	60.7802
10	0.766417	1.30477	61.9588
11	0.744094	1.34392	57.4942
12	0.722421	1.38423	54.8371
13	0.70138	1.42576	52.5494
14	0.680951	1.46853	51.2784
15	0.661118	1.51259	57.3899
16	0.641862	1.55797	52.4097
17	0.623167	1.60471	59.0425
18	0.605016	1.65285	54.647
19	0.587395	1.70243	51.0532
20	0.570286	1.75351	50.5898
21	0.553676	1.80611	56.2551
22	0.537549	1.86029	55.4638
23	0.521893	1.9161	49.986
24	0.506692	1.97359	51.077
25	0.491934	2.03279	51.6597
26	0.477606	2.09378	54.0162
27	0.463695	2.15659	52.7451
28	0.450189	2.22129	53.0627
29	0.437077	2.28793	51.6754
30	0.424346	2.35657	47.129
31	0.411987	2.42726	48.5442
32	0.399987	2.50008	47.1154
33	0.388337	2.57508	47.9437
34	0.377026	2.65234	48.3971
35	0.366045	2.73191	48.6681
36	0.355383	2.81386	46.6902
37	0.345032	2.89828	49.6329
38	0.334983	2.98523	46.7242
39	0.325226	3.07478	49.1577
40	0.315754	3.16703	47.4635
41	0.306557	3.26204	48.62
42	0.297628	3.3599	46.9966
43	0.288959	3.4607	47.744
44	0.280543	3.56452	48.9177
45	0.272372	3.67145	47.0907
46	0.264439	3.7816	48.1686
47	0.256737	3.89504	48.2957
48	0.249259	4.0119	47.2083
49	0.241999	4.13225	48.5382
50	0.23495	4.25622	47.1047
51	0.228107	4.38391	47.1831
52	0.221463	4.51542	46.4972
53	0.215013	4.65089	47.0523
54	0.20875	4.79041	47.2747
55	0.20267	4.93412	47.3882
56	0.196767	5.08215	46.6176
57	0.191036	5.23461	47.2631
58	0.185472	5.39165	46.9407
59	0.18007	5.5534	46.8192
60	0.174825	5.72	47.2747
61	0.169733	5.8916	47.2166
62	0.164789	6.06835	46.7851
63	0.15999	6.2504	46.7725
64	0.15533	6.43791	46.5352
65	0.150806	6.63105	46.8497
66	0.146413	6.82998	46.5457
67	0.142149	7.03488	46.7242
68	0.138009	7.24593	46.581
69	0.133989	7.46331	46.4149
70	0.130086	7.68721	46.8537
71	0.126297	7.91782	46.9769
72	0.122619	8.15536	47.224
73	0.119047	8.40002	46.7018
74	0.11558	8.65202	46.7763
75	0.112214	8.91158	46.7763
76	0.108945	9.17893	46.7035
77	0.105772	9.45429	46.3666
78	0.102691	9.73792	46.8311
79	0.0997003	10.0301	46.4987
80	0.0967964	10.331	46.4987
81	0.0939771	10.6409	46.4972
82	0.0912399	10.9601	46.8311
83	0.0885824	11.2889	46.7851
84	0.0860024	11.6276	46.4987
85	0.0834974	11.9764	46.4987
86	0.0810655	12.3357	46.3666
87	0.0787043	12.7058	46.8583
88	0.076412	13.087	46.5732
89	0.0741864	13.4796	46.6419
90	0.0720256	13.8839	46.3666
91	0.0699278	14.3005	46.3666
92	0.0678911	14.7295	46.8195
93	0.0659136	15.1714	46.3666
94	0.0639938	15.6265	46.628
95	0.0621299	16.0953	46.3666
96	0.0603203	16.5782	46.5732
97	0.0585634	17.0755	46.3666
98	0.0568577	17.5878	46.3666
99	0.0552016	18.1154	46.4972
100	0.0535938	18.6589	46.3666
101	0.0520328	19.2186	46.4149
102	0.0505173	19.7952	46.3666
103	0.0490459	20.389	46.3666
104	0.0476174	21.0007	46.3666
105	0.0462305	21.6307	46.3666
106	0.044884	22.2797	46.3666
107	0.0435767	22.9481	46.4972
108	0.0423075	23.6365	46.3666
109	0.0410752	24.3456	46.3666
110	0.0398788	25.076	46.3666
111	0.0387173	25.8282	46.3666
112	0.0375896	26.6031	46.3666
113	0.0364948	27.4012	46.3666
114	0.0354318	28.2232	46.3666
115	0.0343998	29.0699	46.4489
116	0.0333979	29.942	46.3666
117	0.0324251	30.8403	46.3666
118	0.0314807	31.7655	46.4149
119	0.0305638	32.7184	46.3666
120	0.0296736	33.7	46.3666
121	0.0288093	34.711	46.3666
122	0.0279702	35.7523	46.3666
123	0.0271555	36.8249	46.3666
124	0.0263646	37.9296	46.3666
125	0.0255967	39.0675	46.4149
126	0.0248512	40.2395	46.4149
127	0.0241274	41.4467	46.3666
128	0.0234246	42.6901	46.3666
129	0.0227423	43.9708	46.3666
130	0.0220799	45.29	46.3666
131	0.0214368	46.6487	46.3666
132	0.0208125	48.0481	46.3666
133	0.0202063	49.4896	46.3666
134	0.0196177	50.9743	46.3666
135	0.0190464	52.5035	46.3666
136	0.0184916	54.0786	46.3666
137	0.017953	55.7009	46.4149
138	0.0174301	57.372	46.3666
139	0.0169224	59.0931	46.3666
140	0.0164296	60.8659	46.3666
141	0.015951	62.6919	46.4149
142	0.0154864	64.5727	46.3666
143	0.0150354	66.5098	46.3666
144	0.0145974	68.5051	46.3666
145	0.0141723	70.5603	46.3666
146	0.0137595	72.6771	46.3666
147	0.0133587	74.8574	46.3666
148	0.0129696	77.1031	46.3666
149	0.0125919	79.4162	46.3666
150	0.0122251	81.7987	46.3666
151	0.0118691	84.2527	46.3666
152	0.0115234	86.7803	46.3666
153	0.0111877	89.3837	46.3666
154	0.0108619	92.0652	46.3666
155	0.0105455	94.8271	46.3666
156	0.0102384	97.6719	46.3666
157	0.00994015	100.602	46.3666
158	0.00965063	103.62	46.3666
159	0.00936954	106.729	46.3666
160	0.00909665	109.931	46.3666
161	0.00883169	113.229	46.3666
162	0.00857446	116.625	46.3666
163	0.00832472	120.124	46.3666
164	0.00808225	123.728	46.3666
165	0.00784685	127.44	46.3666
166	0.0076183	131.263	46.3666
167	0.00739641	135.201	46.3666
168	0.00718098	139.257	46.3666
169	0.00697182	143.435	46.3666
170	0.00676876	147.738	46.3666
171	0.00657161	152.17	46.3666
172	0.0063802	156.735	46.3666
173	0.00619437	161.437	46.3666
174	0.00601395	166.28	46.3666
175	0.00583879	171.268	46.3666
176	0.00566873	176.406	46.3666
177	0.00550362	181.699	46.3666
178	0.00534332	187.15	46.3666
179	0.00518769	192.764	46.3666
180	0.00503659	198.547	46.3666
181	0.0048899	204.503	46.3666
182	0.00474747	210.638	46.3666
183	0.0046092	216.958	46.3666
184	0.00447495	223.466	46.3666
185	0.00434461	230.17	46.3666
186	0.00421807	237.075	46.3666
187	0.00409521	244.188	46.3666
188	0.00397593	251.513	46.3666
189	0.00386013	259.059	46.3666
190	0.0037477	266.83	46.3666
191	0.00363854	274.835	46.3666
192	0.00353256	283.08	46.3666
193	0.00342967	291.573	46.3666
194	0.00332978	300.32	46.3666
195	0.0032328	309.33	46.3666
196	0.00313864	318.61	46.3666
197	0.00304722	328.168	46.3666
198	0.00295847	338.013	46.3666
199	0.0028723	348.153	46.3666
200	0.00278864	358.598	46.3666
