1	1	1	35.6989
2	0.970874	1.03	32.0046
3	0.942596	1.0609	30.2616
4	0.915142	1.09273	26.2929
5	0.888487	1.12551	23.4804
6	0.862609	1.15927	27.7741
7	0.837484	1.19405	23.1834
8	0.813092	1.22987	22.2798
9	0.789409	1.26677	27.0474
10	0.766417	1.30477	27.2672
11	0.744094	1.34392	28.3812
12	0.722421	1.38423	21.9454
13	0.70138	1.42576	20.567
14	0.680951	1.46853	21.7985
15	0.661118	1.51259	20.2894
16	0.641862	1.55797	22.4337
17	0.623167	1.60471	25.8974
18	0.605016	1.65285	23.6285
19	0.587395	1.70243	16.9091
20	0.570286	1.75351	27.8385
21	0.553676	1.80611	19.5357
22	0.537549	1.86029	17.6899
23	0.521893	1.9161	25.257
24	0.506692	1.97359	14.7267
25	0.491934	2.03279	18.8797
26	0.477606	2.09378	17.1217
27	0.463695	2.15659	17.1406
28	0.450189	2.22129	17.5752
29	0.437077	2.28793	16.3977
30	0.424346	2.35657	16.7337
31	0.411987	2.42726	15.3354
32	0.399987	2.50008	14.2638
33	0.388337	2.57508	14.4067
34	0.377026	2.65234	12.6515
35	0.366045	2.73191	18.141
36	0.355383	2.81386	14.1041
37	0.345032	2.89828	15.1122
38	0.334983	2.98523	11.9076
39	0.325226	3.07478	12.0273
40	0.315754	3.16703	11.1347
41	0.306557	3.26204	14.8626
42	0.297628	3.3599	12.9052
43	0.288959	3.4607	13.3213
44	0.280543	3.56452	8.19425
45	0.272372	3.67145	8.46542
46	0.264439	3.7816	8.78289
47	0.256737	3.89504	11.8849
48	0.249259	4.0119	10.1618
49	0.241999	4.13225	9.85196
50	0.23495	4.25622	11.0196
51	0.228107	4.38391	9.36075
52	0.221463	4.51542	7.32351
53	0.215013	4.65089	7.82102
54	0.20875	4.79041	9.83282
55	0.20267	4.93412	9.22938
56	0.196767	5.08215	9.40643
57	0.191036	5.23461	8.89897
58	0.185472	5.39165	8.70756
59	0.18007	5.5534	8.74271
60	0.174825	5.72	9.32673
61	0.169733	5.8916	7.08692
62	0.164789	6.06835	7.09758
63	0.15999	6.2504	7.50951
64	0.15533	6.43791	7.84482
65	0.150806	6.63105	7.23961
66	0.146413	6.82998	6.95209
67	0.142149	7.03488	8.16913
68	0.138009	7.24593	7.62989
69	0.133989	7.46331	7.00808
70	0.130086	7.68721	7.18945
71	0.126297	7.91782	6.89164
72	0.122619	8.15536	7.02096
73	0.119047	8.40002	7.04276
74	0.11558	8.65202	7.9758
75	0.112214	8.91158	6.32695
76	0.108945	9.17893	6.34207
77	0.105772	9.45429	7.06832
78	0.102691	9.73792	7.16095
79	0.0997003	10.0301	6.29484
80	0.0967964	10.331	6.67967
81	0.0939771	10.6409	6.83493
82	0.0912399	10.9601	6.44248
83	0.0885824	11.2889	6.58738
84	0.0860024	11.6276	6.7085
85	0.0834974	11.9764	6.65543
86	0.0810655	12.3357	6.61571
87	0.0787043	12.7058	7.03762
88	0.076412	13.087	6.56236
89	0.0741864	13.4796	6.74456
90	0.0720256	13.8839	6.6775
91	0.0699278	14.3005	6.41689
92	0.0678911	14.7295	6.35579
93	0.0659136	15.1714	6.41597
94	0.0639938	15.6265	6.53663
95	0.0621299	16.0953	6.51729
96	0.0603203	16.5782	6.29484
97	0.0585634	17.0755	6.62868
98	0.0568577	17.5878	6.27765
99	0.0552016	18.1154	6.903
100	0.0535938	18.6589	6.60125
101	0.0520328	19.2186	6.49375
102	0.0505173	19.7952	6.31972
103	0.0490459	20.389	6.29484
104	0.0476174	21.0007	6.47399
105	0.0462305	21.6307	6.37219
106	0.044884	22.2797	6.33865
107	0.0435767	22.9481	6.51435
108	0.0423075	23.6365	6.47029
109	0.0410752	24.3456	6.3631
110	0.0398788	25.076	6.29431
111	0.0387173	25.8282	6.24788
112	0.0375896	26.6031	6.43987
113	0.0364948	27.4012	6.31473
114	0.0354318	28.2232	6.30364
115	0.0343998	29.0699	6.30473
116	0.0333979	29.942	6.32586
117	0.0324251	30.8403	6.31972
118	0.0314807	31.7655	6.2403
119	0.0305638	32.7184	6.27329
120	0.0296736	33.7	6.35923
121	0.0288093	34.711	6.28066
122	0.0279702	35.7523	6.29055
123	0.0271555	36.8249	6.26186
124	0.0263646	37.9296	6.29317
125	0.0255967	39.0675	6.28066
126	0.0248512	40.2395	6.33762
127	0.0241274	41.4467	6.2403
128	0.0234246	42.6901	6.2403
129	0.0227423	43.9708	6.31178
130	0.0220799	45.29	6.29055
131	0.0214368	46.6487	6.25319
132	0.0208125	48.0481	6.34659
133	0.0202063	49.4896	6.31829
134	0.0196177	50.9743	6.2869
135	0.0190464	52.5035	6.26077
136	0.0184916	54.0786	6.33719
137	0.017953	55.7009	6.26186
138	0.0174301	57.372	6.27765
139	0.0169224	59.0931	6.2403
140	0.0164296	60.8659	6.27824
141	0.015951	62.6919	6.26077
142	0.0154864	64.5727	6.25319
143	0.0150354	66.5098	6.24788
144	0.0145974	68.5051	6.27475
145	0.0141723	70.5603	6.25777
146	0.0137595	72.6771	6.25777
147	0.0133587	74.8574	6.26186
148	0.0129696	77.1031	6.24788
149	0.0125919	79.4162	6.26077
150	0.0122251	81.7987	6.26776
151	0.0118691	84.2527	6.2403
152	0.0115234	86.7803	6.26776
153	0.0111877	89.3837	6.2403
154	0.0108619	92.0652	6.2403
155	0.0105455	94.8271	6.25319
156	0.0102384	97.6719	6.25777
157	0.00994015	100.602	6.24788
158	0.00965063	103.62	6.24788
159	0.00936954	106.729	6.2403
160	0.00909665	109.931	6.24788
161	0.00883169	113.229	6.26019
162	0.00857446	116.625	6.2403
163	0.00832472	120.124	6.26077
164	0.00808225	123.728	6.25777
165	0.00784685	127.44	6.29979
166	0.0076183	131.263	6.2403
167	0.00739641	135.201	6.2403
168	0.00718098	139.257	6.24788
169	0.00697182	143.435	6.2403
170	0.00676876	147.738	6.2403
171	0.00657161	152.17	6.25319
172	0.0063802	156.735	6.2403
173	0.00619437	161.437	6.2403
174	0.00601395	166.28	6.2403
175	0.00583879	171.268	6.24788
176	0.00566873	176.406	6.24788
177	0.00550362	181.699	6.2403
178	0.00534332	187.15	6.2403
179	0.00518769	192.764	6.2403
180	0.00503659	198.547	6.2403
181	0.0048899	204.503	6.2403
182	0.00474747	210.638	6.2403
183	0.0046092	216.958	6.2403
184	0.00447495	223.466	6.2403
185	0.00434461	230.17	6.25319
186	0.00421807	237.075	6.25319
187	0.00409521	244.188	6.25319
188	0.00397593	251.513	6.2403
189	0.00386013	259.059	6.2403
190	0.0037477	266.83	6.2403
191	0.00363854	274.835	6.2403
192	0.00353256	283.08	6.2403
193	0.00342967	291.573	6.2403
194	0.00332978	300.32	6.2403
195	0.0032328	309.33	6.2403
196	0.00313864	318.61	6.2403
197	0.00304722	328.168	6.2403
198	0.00295847	338.013	6.2403
199	0.0028723	348.153	6.2403
200	0.00278864	358.598	6.2403
