1.575068
1.573479
1.547109
1.466054
1.471606
1.534845
1.517718
1.513514
1.510402
1.427246
1.445748
1.491899
1.373809
1.516638
1.510329
1.428590
1.472839
1.608231
1.495179
1.452190
1.490059
1.355230
1.445698
1.554863
1.518441
1.519507
1.569761
1.457686
1.555998
1.507129
1.513930
1.566297
1.451647
1.486371
1.393178
1.522245
1.483126
1.502802
1.473864
1.447798
1.526009
1.501552
1.477427
1.503710
1.542841
1.574407
1.547609
1.522892
1.528310
1.483277
1.508276
1.430217
1.517862
1.558135
1.556153
1.490312
1.526916
1.545671
1.428264
1.560731
1.489246
1.512766
1.504015
1.526776
1.504549
1.510718
1.484629
1.445606
1.561130
1.566532
1.534133
1.513004
1.512207
1.534755
1.504039
1.500415
1.444035
1.377531
1.556960
1.444217
1.438615
1.514644
1.430588
1.513482
1.550527
1.516030
1.443844
1.424576
1.514648
1.472369
1.528074
1.530245
1.575768
1.498786
1.415889
1.512675
1.448156
1.433610
1.494190
1.462233
