5.201489
5.049629
4.858497
4.930157
5.077462
5.002960
5.169055
5.067553
5.025718
5.011856
4.964257
4.951379
4.995565
4.899976
5.147191
4.891052
5.063253
5.148477
5.053986
4.897636
5.101759
5.166691
4.838908
4.896967
4.816936
5.131551
5.096959
5.035192
5.037725
5.145620
5.050940
4.903714
5.098256
4.916681
5.059392
4.827837
5.107119
5.013842
5.019681
5.087146
4.948282
4.935724
4.824507
5.027289
5.168008
4.903839
4.987938
5.055871
5.249974
5.125402
4.967451
5.101216
4.875358
4.836948
5.038444
5.169163
5.165065
5.019710
4.912110
5.136363
4.996583
4.987097
4.987200
5.256715
5.021729
5.026631
4.811812
4.985007
4.941890
4.972127
5.028154
5.260431
4.992871
4.933243
4.957988
5.042227
5.071651
4.812073
4.922812
4.968511
4.884582
5.037673
5.088386
5.065645
5.080402
5.056380
4.884832
4.925875
5.000330
4.997064
4.858638
5.091126
5.073014
5.113982
4.886200
5.027264
5.018508
4.917104
4.983639
4.865874
