5.075219
5.105281
5.023993
4.912382
5.044569
5.074451
4.944724
5.050273
4.932152
4.890237
5.004859
4.991082
4.947407
5.098323
4.894129
5.009682
5.061976
4.822691
5.140071
5.024105
5.073032
5.042562
4.988624
4.936854
4.933846
4.805208
5.126718
4.858721
5.029333
4.937025
4.920086
4.989913
4.984459
5.032845
5.015762
4.988822
4.811207
4.978216
4.938409
5.075233
4.940700
5.001679
4.872173
4.937018
5.047507
5.122711
5.010310
4.926412
4.901313
5.053661
4.968528
4.920848
5.129345
4.873873
5.113378
4.993883
5.047295
4.956237
5.051470
4.918558
4.914794
5.057966
4.955553
4.871571
5.021886
5.089144
4.930798
5.084890
4.861406
5.089720
4.856320
4.923484
4.988219
5.100887
4.824239
5.093125
5.019455
4.904844
4.924222
5.191030
4.971046
4.928816
5.005994
5.031087
5.107115
5.026597
5.027485
5.093940
5.015223
4.999771
4.857380
5.075191
4.960820
5.062783
4.946169
4.922625
5.088636
5.058049
4.820386
5.129190
