0.900737
1.632056
1.700412
1.285584
1.285584
1.285584
1.619319
1.869621
1.683894
1.683894
2.743392
1.739115
1.739115
1.898726
1.080200
2.173335
2.153509
0.802683
0.866263
0.786843
0.786843
1.586030
0.741125
0.741125
0.741125
0.741125
0.833812
0.569423
1.539436
2.369061
2.369061
2.369061
2.369061
3.548716
3.426602
2.952069
2.952069
2.952069
2.882822
2.786177
2.710157
2.654224
3.537860
3.537860
3.537860
3.641402
3.641402
3.641402
3.627256
3.627256
3.627256
3.627256
3.164019
3.164019
3.566319
3.566319
3.566319
3.566319
3.566319
3.566319
2.748228
3.150547
1.762205
1.762205
2.349903
2.349903
2.349903
1.397176
1.729709
1.946065
1.946065
1.946065
2.414458
2.414458
2.802637
3.196447
3.196447
2.591891
2.591891
2.591891
2.605746
2.605746
2.605746
2.605746
3.298658
3.160718
2.302201
2.302201
2.302201
1.795731
2.221559
2.527897
2.527897
2.527897
2.527897
2.527897
2.294341
2.126746
1.650122
1.149375
1.109158
1.109158
1.342397
1.342397
1.746777
1.746777
1.746777
2.005232
2.005232
2.005232
0.922258
0.922258
0.922258
0.922258
1.055408
1.055408
1.197652
1.197652
0.908184
1.188902
1.740699
1.740699
1.740699
1.832915
1.832915
1.878264
1.878264
1.878264
1.704663
1.766766
2.663928
2.663928
2.641576
2.416361
2.846902
2.846902
3.306068
3.060528
3.060528
3.232908
2.880104
2.880104
3.758323
3.818805
3.818805
3.575261
2.841179
2.553155
2.381617
1.650183
2.158375
1.723109
2.425494
2.425494
2.425494
2.425494
2.425494
2.873917
2.770879
2.770879
2.887120
2.887120
2.772033
2.772033
3.698109
3.650721
2.889737
2.889737
2.889737
2.889737
2.889737
2.889737
2.020883
1.047818
1.047818
1.815788
1.906194
1.150776
2.449859
3.410454
3.410454
3.453486
3.453486
2.757616
2.498607
2.215098
2.215098
1.108755
1.108755
1.272908
1.272908
1.272908
1.295294
1.295294
1.576040
1.576040
1.576040
0.944093
0.770350
0.770350
0.770350
1.622520
1.622520
1.513902
1.513902
0.858272
1.111510
1.239038
1.641093
1.665083
1.665083
1.667122
1.667122
1.667122
1.440741
1.440741
1.440741
1.440741
1.440741
2.239705
2.161267
1.984446
1.394030
1.521018
1.521018
1.558746
1.558746
1.142552
1.675269
0.969024
0.969024
1.222227
2.142819
2.142819
2.173274
1.563086
1.563086
1.500394
1.500394
0.368423
1.207261
1.501817
1.501817
1.079051
1.079051
1.079051
1.030899
0.789308
1.101113
1.101113
1.975242
1.774620
1.774620
1.993182
3.027076
2.464518
2.464518
1.716646
1.716646
1.716646
1.716646
1.867534
1.867534
1.814765
1.089995
1.089995
0.592270
0.592270
0.939682
1.235755
1.235755
1.235755
1.235755
2.305274
2.663780
2.663780
2.663780
2.663780
1.519053
1.519053
1.133691
1.614014
1.614014
1.614014
1.099659
1.099659
1.301930
1.324638
0.320426
0.320426
0.320426
0.320426
0.320426
1.099179
1.099179
1.099179
1.095663
1.095663
1.461393
0.581906
1.312930
1.207365
1.207365
1.529671
1.409405
1.409405
1.258271
1.250012
1.054785
1.054785
1.054785
1.251962
1.251962
0.808083
0.264394
0.264394
1.954489
0.818154
0.818154
0.818154
0.818154
0.921360
0.921360
0.921360
0.613910
1.082300
0.805943
0.805943
0.805943
0.805943
0.805943
0.805943
0.805943
0.805943
0.744360
1.046879
1.289749
1.524465
1.647275
1.685094
1.685094
1.066470
1.066470
1.216672
1.216672
1.288132
0.555994
0.555994
0.985171
0.985171
0.985171
0.767178
0.767178
2.049862
1.105404
1.075163
1.075163
0.647456
1.216628
1.216628
0.756141
0.734467
0.734467
1.509659
1.094547
1.094547
1.094547
1.148805
1.148805
0.656074
1.688359
1.353167
1.353167
1.440737
1.440737
1.197934
1.197934
1.449580
1.449580
1.449580
1.449580
1.525909
1.554751
2.007519
2.007519
2.007519
1.833611
1.146725
1.146725
1.146725
0.584190
0.584190
0.584190
0.584190
0.584190
0.584190
0.584190
0.667047
0.553124
0.553124
0.553124
1.236836
1.705060
1.705060
1.705060
1.920337
1.953222
1.953222
1.953222
1.953222
1.953222
1.953222
1.272825
1.272825
1.680634
0.945007
0.945007
0.945007
1.073687
1.073687
1.252136
1.476796
1.316140
1.664139
1.664139
1.664139
1.664139
1.345951
1.456561
1.456561
1.309558
1.837270
1.477257
1.000967
0.777859
0.777859
1.061252
1.072133
1.072133
0.365905
0.365905
0.593519
1.682967
1.932746
1.932746
2.146735
1.697408
1.366545
1.366545
1.366545
1.366545
1.860169
1.860169
1.860169
0.704806
0.704806
1.341521
0.600286
0.600286
0.600286
0.600286
1.430298
1.430298
1.430298
1.471451
0.437773
0.437773
0.437773
0.437773
0.437773
0.852723
0.852723
0.852723
0.475250
0.554025
0.521684
0.521684
0.521684
0.510558
0.793279
0.772391
0.970850
0.379906
0.379906
0.880863
1.486308
1.486308
1.486308
2.149307
2.149307
2.299118
2.505592
2.505592
1.832319
1.832319
1.832319
1.298048
1.196875
1.196875
1.198425
1.198425
1.378824
1.378824
1.362860
1.108071
1.108071
1.108071
1.108071
1.108071
1.108071
1.108071
1.108071
1.638378
1.638378
1.376317
1.616578
1.616578
0.462799
0.462799
0.462799
0.462799
0.462799
0.462799
0.689136
0.689136
0.995524
0.935317
0.935317
1.380312
1.939962
1.682507
2.070202
2.070202
1.478373
1.478373
0.650833
0.706251
0.706251
0.706251
0.745758
0.745758
0.745758
0.745758
0.745758
0.745758
1.095537
1.095537
1.095537
1.095537
0.723452
1.554657
1.554657
1.947512
2.125764
2.125764
1.743821
2.912361
2.912361
3.638115
3.879228
3.841379
3.455965
3.070503
2.625241
1.658977
1.658977
1.658977
1.585520
1.585520
2.103765
1.592402
1.592402
1.592402
1.592402
0.817331
0.817331
1.391614
1.391614
1.354673
1.078777
1.365680
1.365680
1.365680
1.365680
1.365680
1.787288
1.787288
1.264241
1.187246
1.730907
1.730907
1.730907
1.730907
1.242937
1.252933
1.252933
1.252933
1.650235
1.391990
1.391990
1.391990
1.391990
1.391990
2.456120
2.901137
2.192683
0.958864
0.958864
0.783222
0.783222
0.783222
0.779784
0.779784
0.779784
0.779784
0.779784
0.779784
0.779784
0.779784
1.311425
1.311425
1.311425
1.585394
1.382206
1.382206
1.382206
1.382206
1.382206
1.382206
1.167753
1.167753
1.167753
1.167753
1.167753
1.038475
1.038475
1.038475
1.038475
0.954905
0.954905
0.954905
0.954905
0.954905
0.954905
0.954905
0.954905
0.954905
1.812100
2.203987
2.203987
3.032625
3.547793
2.459183
3.181383
3.495601
3.881403
3.332663
3.332663
2.697730
2.787439
2.787439
1.502947
1.220491
1.220491
1.220491
1.220491
1.220491
1.268599
1.268599
1.268599
0.963274
0.952422
0.952422
1.739862
1.739862
1.991266
1.505065
1.505065
1.505065
1.833291
1.824752
1.824752
1.740374
1.740374
0.961330
0.961330
0.961330
0.961330
0.961330
0.961330
1.230309
1.648341
1.214622
1.434309
1.510598
1.510598
0.980646
0.980646
0.676905
0.660071
1.010040
0.662012
0.662012
0.729453
1.075380
1.149096
1.149096
1.149096
1.149096
2.034282
2.017231
2.434309
2.363454
2.363454
1.516146
2.383885
2.383885
2.332303
2.332303
2.217811
2.217811
2.070456
2.172788
1.160697
1.160697
1.634474
1.634474
1.634474
1.024476
1.002374
1.002374
1.002374
1.002374
1.002374
1.002374
0.688418
0.804658
0.978170
0.978170
0.978170
0.668545
1.095936
1.095936
1.107602
1.676886
0.788653
0.788653
0.788653
0.788653
1.075394
1.075394
1.075394
1.075394
1.075394
1.075394
1.075394
1.075394
1.482356
1.503381
1.448442
1.448442
1.448442
1.448442
1.448442
0.696810
1.358546
1.358546
0.462880
1.546677
1.849882
1.849882
1.827490
1.929518
1.837240
0.544384
0.668880
0.668880
1.089854
0.823750
0.772505
0.638077
0.834695
0.834695
0.542615
1.046610
1.046610
0.783784
0.567616
0.567616
0.567616
1.268330
1.268330
1.268330
0.998266
0.893972
0.893972
1.088894
0.939939
1.194778
1.306732
1.306732
1.306732
1.306732
1.306732
1.306732
1.306732
1.977477
2.057548
1.584709
1.584709
1.584709
1.584709
1.584709
1.584709
2.072532
3.303183
3.290609
2.445014
1.330642
0.716231
0.716231
0.963040
1.459564
1.459564
1.459564
1.459564
1.340086
1.340086
1.340086
1.340086
1.340086
0.798365
0.798365
1.623553
1.623553
3.228883
2.638588
2.217693
2.292833
2.330193
2.060956
2.583581
2.342657
2.827742
2.827742
2.827742
2.827742
2.445227
1.174835
1.724618
1.724618
1.724618
1.080634
0.757620
0.757620
0.757620
0.757620
0.757620
0.757620
0.757620
0.757620
0.757620
0.757620
0.757620
0.757620
0.876163
0.731968
1.373429
2.413046
2.591263
2.591263
2.772141
2.929948
2.929948
2.315550
2.315550
2.458140
2.458140
1.959346
1.959346
1.959346
1.903100
1.903100
1.903100
2.110659
1.340230
1.122932
0.678426
1.243217
2.317346
2.317346
2.292054
2.292054
2.292054
1.738832
1.738832
1.649664
1.649664
1.649664
1.649664
1.559623
1.559623
2.076222
2.076222
2.076222
2.119288
2.119288
2.119288
2.119288
1.812733
1.000978
1.240838
1.232195
1.022111
1.022111
1.022111
1.022111
1.022111
1.022111
1.022111
1.300620
1.300620
1.300620
1.300620
1.300620
1.300620
1.300620
1.300620
1.300620
1.300620
1.300620
1.497062
1.249271
1.249271
1.246627
1.246627
1.246627
1.246627
1.255935
1.255935
1.941534
2.322314
2.322314
2.298407
1.813173
1.813173
2.359873
2.359873
2.023951
2.023951
2.023951
2.824949
2.824949
2.824949
2.824949
2.824949
1.712291
1.872467
0.605512
0.605512
0.688138
0.688138
0.688138
0.688138
0.688138
0.688138
0.688138
0.688138
0.688138
0.688138
0.688138
0.688138
0.737999
1.581316
0.546700
0.546700
0.546700
0.546700
0.546700
0.546700
0.546700
0.310068
0.310068
0.310068
0.310068
0.310068
0.310068
0.310068
1.232985
1.232985
0.889023
0.889023
1.494820
1.494820
1.494820
1.320389
1.320389
1.320389
1.320389
1.320389
1.320389
1.174331
0.593039
0.593039
0.593039
0.593039
0.593039
1.700565
2.476312
2.898817
2.898817
3.191169
3.479584
3.479584
2.686232
2.643973
2.643973
2.329300
2.329300
1.770079
1.821987
2.485864
1.875836
2.468009
2.948481
2.639795
3.594868
3.594868
3.594868
3.160488
3.018070
3.018070
2.351905
2.906116
1.516287
1.037131
1.228720
1.228720
1.228720
1.228720
1.228720
1.351388
1.351388
1.351388
1.751183
1.751183
1.124449
1.124449
1.254600
1.254600
1.254600
1.086279
0.393595
0.937818
0.937818
0.937818
0.779152
0.496065
0.496065
0.496065
0.496065
0.758267
0.758267
0.758267
0.758267
0.468572
0.468572
0.468572
0.468572
0.468572
0.468572
0.468572
0.468572
0.468572
0.446605
0.446605
0.446605
0.446605
0.446605
0.446605
1.482887
2.000196
2.114785
2.242702
2.010077
2.257366
2.793365
2.793365
3.384220
3.076440
3.076440
2.360348
2.360348
2.617735
1.842497
1.269003
1.359255
1.999676
1.999676
1.999676
1.202933
1.202933
1.416728
1.707753
1.489869
1.489869
2.210612
2.210612
2.210612
1.936903
1.936903
1.936903
2.586749
2.425532
2.425532
2.425532
2.425532
2.425532
2.425532
1.569582
1.482840
1.389317
0.895794
0.542489
0.542489
0.542489
0.064770
0.064770
0.543741
0.543741
0.543741
0.543741
0.601070
0.601070
0.436036
0.436036
0.616711
0.732577
0.732577
0.732577
0.732577
0.811707
0.811707
0.811707
0.797728
1.165942
1.165942
1.056043
1.056043
2.190032
1.874405
1.874405
1.435351
0.577633
0.577633
0.577633
0.577633
0.577633
0.747142
0.747142
0.747142
0.747142
0.747142
1.034452
1.912085
1.912085
1.944441
2.308110
1.609847
1.609847
1.193075
2.012072
2.012072
2.012072
2.718666
1.892794
1.892794
1.266086
0.944316
1.050323
1.050323
0.969737
0.700474
0.700474
0.700474
0.700474
0.437542
1.196527
1.831855
1.831855
1.664556
2.088940
0.967471
1.001732
1.319413
1.319413
1.319413
1.076067
1.242528
1.242528
1.242528
0.540908
0.946978
0.946978
0.946978
2.273187
2.178260
2.178260
1.874177
1.644948
1.644948
1.644948
1.590801
0.728830
0.728830
0.940239
0.940239
0.940239
1.938036
2.007617
1.495190
1.495190
1.302604
1.208570
1.208570
1.082936
1.462465
1.462465
1.501973
1.501973
1.599357
0.903177
0.379718
0.379718
0.379718
0.379718
0.379718
0.379718
0.578976
0.578976
0.578976
1.278976
0.406988
0.406988
0.844732
0.844732
0.844732
0.844732
1.154961
1.375182
1.375182
1.738576
1.738576
1.738576
2.407309
2.315155
1.621494
1.990548
1.659957
1.659957
0.875802
0.782429
0.782429
1.461416
1.480456
1.508752
1.508752
1.508752
1.508752
1.508752
1.508752
1.672721
1.672721
1.886754
1.170800
0.480666
0.480666
0.480666
0.480666
0.480666
0.480666
0.480666
0.923035
0.923035
0.825454
0.589938
0.589938
1.273326
0.762497
1.545589
1.545589
1.504261
2.104750
2.028984
2.028984
2.028984
2.028984
2.351609
2.601105
2.601105
2.601105
2.873180
2.873180
2.873180
3.110513
3.390920
3.639272
3.639272
3.639272
3.639272
3.639272
3.926397
3.524350
2.907082
2.945622
2.405145
2.453634
1.629604
1.629604
1.629604
1.267059
1.267059
1.267870
1.476039
2.070572
2.215047
2.215047
3.171931
2.362942
2.362942
2.362942
2.412790
2.099399
2.203542
2.203542
2.212368
1.962659
2.573541
1.622722
1.622722
1.667775
2.655140
3.190762
3.814554
3.067346
2.184099
1.648218
1.539906
1.539906
1.156993
1.672262
1.672262
1.929104
1.180052
1.180052
1.180052
0.950127
1.534501
1.992866
1.992866
1.992866
1.329382
1.329382
1.424802
1.362614
1.362614
1.362614
1.362614
1.362614
1.362614
1.506963
1.506963
2.932696
3.170946
2.598788
3.050447
4.093603
3.667470
3.233407
2.224926
1.922100
1.974487
1.974487
1.974487
1.974487
2.477322
2.623571
2.841952
3.909952
4.551196
3.393092
3.342642
3.342642
3.342642
3.342642
3.342642
3.149626
2.284068
1.312232
1.881281
1.582064
1.525767
1.525767
1.328764
1.930846
1.930846
1.182600
1.182600
1.168627
0.780650
1.265142
1.265142
1.265142
1.265142
0.984646
0.984646
1.306602
1.306602
1.520129
1.999779
2.005096
1.726449
1.726449
1.726449
2.032176
1.965027
1.900729
1.900729
0.923034
0.923034
1.210237
0.894250
0.800480
0.813473
0.813473
0.813473
0.813473
0.813473
0.813473
0.430554
0.896959
0.643456
0.643456
0.643456
0.386892
0.386892
0.386892
0.386892
0.386892
0.386892
1.080303
1.080303
1.141657
1.141657
0.686446
0.686446
0.686446
0.686446
0.686446
0.686446
0.686446
0.686446
1.045358
1.045358
1.045358
0.669998
0.669998
0.669998
0.669998
0.669998
0.669998
0.982890
0.982890
0.982890
0.410177
0.410177
0.410177
1.392180
1.392180
1.103790
1.164692
0.915826
0.915826
0.915826
1.161392
1.501603
0.545901
0.734989
0.734989
0.734989
0.734989
0.734989
1.636168
1.636168
1.636168
1.198195
1.410680
2.117080
2.205044
2.205044
1.698709
1.698709
1.550357
1.550357
1.550357
1.550357
1.565991
2.090430
2.351780
2.351780
2.351780
1.640262
1.937819
0.773594
0.773594
0.908056
1.589290
1.287989
1.287989
1.287989
1.287989
0.775392
1.825645
1.825645
2.041721
2.041721
1.460132
1.791187
1.791187
0.778961
0.778961
1.032589
1.032589
1.032589
1.032589
1.032589
1.032589
1.172678
1.668917
1.868557
2.734194
2.734194
4.095505
3.375307
3.792674
3.792674
3.081111
2.588208
2.582743
2.582743
1.772628
1.916907
1.750795
1.750795
1.599735
1.234735
0.859557
1.087078
1.087078
1.107867
1.107867
1.107867
1.107867
0.877034
1.008099
1.323964
1.323964
1.454914
0.974781
0.974781
0.974781
0.974781
1.333740
1.333740
1.333740
1.333740
1.053372
0.440496
1.178969
1.309696
1.309696
1.309696
1.309696
1.309696
1.309696
1.631276
1.631276
1.410671
1.178069
1.526877
1.399751
1.399751
1.544396
2.198069
1.830213
1.830213
1.830213
1.830213
1.965096
1.773294
1.773294
2.595757
1.645555
1.992749
1.992749
1.992749
1.992749
1.435538
0.850398
0.850398
0.536641
0.536641
0.536641
0.486593
0.486593
0.486593
0.486593
0.486593
0.486593
0.486593
0.486593
0.486593
0.486593
0.486593
0.117601
0.117601
0.117601
0.117601
0.117601
0.117601
0.117601
0.117601
1.356134
1.885259
2.100275
1.823428
1.823428
2.495756
2.507842
3.051172
3.167126
3.167126
3.167126
2.867887
2.867887
1.963909
0.943445
0.944629
0.944629
0.371169
0.371169
0.371169
1.088810
1.088810
1.088810
0.993857
0.812137
0.812137
0.812137
0.812137
0.488651
0.489032
0.466864
1.499012
1.728697
2.043798
2.043798
1.307844
1.368929
1.368929
1.389108
1.389108
1.629327
1.629327
1.327397
1.327397
1.271841
1.271841
0.574937
0.574937
0.574937
0.574937
1.034515
1.423117
1.423117
1.434568
1.434568
1.364949
1.622355
1.785672
1.785672
0.909942
0.909942
0.909942
0.909942
0.909942
0.696950
1.273180
0.316958
0.490178
1.604685
1.610315
1.610315
1.555933
1.388782
1.388782
1.219161
1.219161
1.219161
1.279861
1.854790
1.854790
1.033910
1.033910
1.033910
1.307715
1.307715
1.307715
1.452809
1.452809
2.155789
2.155789
2.155789
1.032344
1.372601
1.372601
0.941262
0.722448
0.722448
1.067705
0.493750
0.493750
0.493750
0.579550
0.579550
0.861962
0.909635
1.309792
1.335207
0.838860
1.770854
2.223888
2.223888
2.223888
2.223888
1.367008
1.367008
1.542209
1.770550
1.699086
1.375042
0.571082
0.571082
0.571082
0.680068
0.212620
0.212620
0.212620
0.301089
0.301089
0.301089
0.301089
0.301089
0.301089
0.301089
0.301089
0.301089
0.301089
0.301089
0.548499
0.548499
0.548499
0.548499
0.548499
1.024061
1.024061
1.024061
1.660745
1.660745
1.214316
1.214316
1.877737
1.962956
1.997488
2.566829
3.493272
3.615928
3.615928
3.575262
3.873322
3.102528
2.546067
1.692225
1.692225
1.692225
1.692225
1.638755
1.676130
1.676130
2.265454
2.505410
2.505410
2.505410
2.505410
2.016964
2.016964
0.964804
0.964804
0.964804
1.075578
1.023322
1.023322
1.171020
1.171020
1.171020
0.396012
0.396012
0.396012
0.396012
0.396012
0.396012
0.396012
0.396012
0.396012
0.396012
0.396012
1.364907
1.364907
1.759562
1.759562
1.730089
2.076092
1.788053
1.788053
1.293121
2.184817
2.184817
2.114330
2.114330
2.114330
1.001112
0.915404
0.915404
0.892357
0.951563
0.951563
0.951563
0.951563
1.176861
1.176861
0.678725
1.215677
0.437519
0.437519
0.437519
0.988943
0.988943
1.636496
2.556680
3.101458
3.101458
2.400570
2.229878
1.910263
2.197649
2.271266
2.426457
2.145387
2.145387
2.145387
3.361644
4.112778
3.735020
2.811985
2.811985
2.811985
2.811985
2.811985
2.811985
2.871650
2.871650
2.871650
2.871650
2.871650
2.871650
2.990742
3.023709
3.023709
3.052158
3.189696
3.189696
3.377839
3.429463
3.465080
3.465080
3.465080
3.285880
3.205084
3.205084
2.751149
2.751149
2.872907
2.700785
2.833681
2.888428
2.882819
2.882819
2.882819
2.882819
2.730636
1.992888
1.817560
1.817560
2.401325
2.022199
2.956844
3.513190
2.871347
2.598988
2.598988
2.598988
2.598988
2.598988
1.986546
3.088792
3.088792
3.088792
3.088792
2.910296
2.095782
2.187306
2.233025
2.070656
1.600644
1.299620
1.299620
1.299620
1.299620
1.299620
1.021134
0.921965
0.921965
0.963354
0.963354
0.963354
0.963354
1.930823
0.942194
0.976740
0.976740
1.778408
1.778408
2.599096
3.053826
3.554693
1.980215
1.944908
1.944908
1.944908
1.110924
1.110924
1.170653
1.223750
1.209122
1.782964
1.782964
0.942286
1.693074
1.693074
1.443887
0.849835
0.849835
0.849835
0.849835
0.849835
0.364108
0.364108
0.364108
0.364108
0.364108
0.364108
0.364108
0.364108
0.364108
0.975177
1.455325
1.605155
1.181878
1.114181
0.955906
0.955906
0.955906
0.955906
1.448810
1.448810
1.448810
1.594461
2.184417
2.184417
2.027603
2.730933
2.730933
2.788939
2.811333
1.823265
1.823265
1.823265
1.823265
1.141991
0.286676
0.286676
1.414360
1.414360
1.414360
1.414360
1.414360
2.253403
2.558676
2.558676
2.248101
1.383539
1.383539
1.682746
1.592487
1.570723
0.782597
0.782597
0.782597
0.606167
0.606167
0.606167
0.606167
0.606167
0.606167
1.754258
1.631798
1.631798
1.611551
1.773005
1.540947
1.693630
0.602645
0.602645
0.837786
0.837786
0.603339
0.603339
1.361008
1.361008
1.361008
1.361008
1.361008
1.361008
1.508318
1.695341
1.695341
1.695341
1.695341
1.612990
1.288393
1.288393
1.909058
1.909058
1.909058
1.897924
2.131100
2.131100
1.521063
1.521063
1.310446
0.956507
0.615305
0.738213
0.738213
0.738213
0.738213
0.738213
0.474546
1.219173
1.219173
1.219173
2.127037
2.127037
1.799004
1.799004
1.799004
2.465875
2.360702
1.299733
1.299733
1.299733
1.241687
2.390582
3.042801
3.471671
3.471671
2.640463
2.438175
2.143612
2.003117
1.612012
2.303766
2.295852
1.213294
1.213294
0.640878
0.640878
0.640878
0.640878
0.640878
0.640878
0.640878
0.606463
0.606463
0.606463
0.606463
0.606463
0.606463
0.732853
0.732853
0.732853
0.732853
0.732853
0.248467
0.248467
0.248467
0.248467
0.248467
0.248467
0.248467
0.248467
0.248467
0.248467
0.248467
0.248467
0.466730
0.370663
0.370663
1.441762
1.468074
1.468074
1.468074
1.405460
1.311086
1.279908
1.146905
1.462030
2.107705
2.440785
2.440785
1.810912
1.810912
1.810912
1.810912
1.125617
0.534319
1.356990
1.548534
0.480670
1.340914
1.340914
0.635402
0.635402
0.635402
0.635402
0.635402
0.722155
0.722155
0.699479
0.699479
1.252460
0.715346
1.058385
0.983697
0.983697
1.287560
1.647294
0.953940
0.953940
1.677456
1.421203
1.421203
1.421203
1.382016
1.382016
1.382016
1.009142
1.425056
1.425056
1.425779
1.028986
0.747154
0.747154
1.166830
1.150135
1.326249
1.326249
1.385225
1.782678
1.076859
1.490056
1.490056
1.653927
1.653927
1.653927
1.653927
1.653927
1.653927
0.813309
0.789386
1.300804
1.300804
2.287756
2.549701
2.165970
2.165970
1.010014
1.477789
1.873267
1.873267
1.185008
1.185008
1.185008
0.782743
0.782743
0.782743
0.782743
0.782743
0.782743
1.316241
1.044794
1.044794
2.512242
2.512242
2.512242
2.512242
2.444208
2.548181
1.608372
1.421328
1.717704
1.766699
2.233260
2.179983
2.113618
2.113618
2.113618
2.113618
2.398341
1.392329
0.494703
0.494703
1.009502
1.009502
1.009502
1.210138
1.210138
1.131369
1.131369
1.515610
1.327779
1.718733
1.531120
2.450792
2.455171
2.455171
1.755479
1.755479
2.026203
1.574047
1.574047
1.552512
1.224019
1.224019
1.133880
0.737205
0.737205
0.737205
0.885166
1.397636
1.397636
1.397636
1.090564
0.977886
0.848577
0.848577
1.325710
1.189291
1.398364
1.148125
1.148125
1.148125
1.078381
1.078381
0.955582
0.852769
1.513762
0.808058
0.946985
0.670716
0.670716
1.817473
1.113934
1.580900
1.580900
1.580883
1.600551
1.600551
1.230891
1.230891
1.230891
1.230891
2.752760
1.559118
1.984293
1.040279
1.040279
1.737037
1.737037
1.737037
2.408754
2.357267
1.913592
1.692742
1.692742
0.921405
0.921405
0.921405
0.921405
0.921405
0.921405
1.581190
1.232230
1.232230
1.232230
1.601264
1.128766
1.128766
0.663419
1.380343
2.361794
2.361794
2.361794
2.270847
1.753357
1.753357
1.753357
1.753357
1.133913
1.675409
1.675409
2.600858
2.600858
2.600858
2.600858
2.600858
2.600858
2.600858
2.888691
3.035104
2.595434
2.528779
1.517168
1.517168
1.263006
1.263006
2.210327
1.907623
1.341362
1.786788
1.679335
2.306798
2.000429
2.000429
1.852595
1.852595
1.852595
1.852595
1.554222
1.554222
1.554222
1.554222
1.554222
1.554222
1.618840
1.633434
1.633434
1.599865
1.707410
1.707410
1.707410
1.707410
0.848941
0.848941
0.848941
0.848941
0.848941
0.848941
0.848941
0.629510
0.629510
1.060262
1.060262
1.060262
1.060262
1.289753
1.583236
1.082701
0.788052
0.788052
0.664947
1.040544
1.040544
1.040544
2.237247
2.382272
2.382272
1.589577
1.664529
1.664529
2.299773
2.299773
1.681718
1.681718
1.681718
1.681718
1.681718
1.681718
1.216768
1.216768
1.803593
1.803593
1.803593
1.895281
3.247220
2.319050
1.293893
1.293893
1.293893
1.293893
1.293893
1.293893
1.230471
1.230471
0.662906
0.982454
1.011433
1.011433
1.011433
1.011433
1.011433
1.011433
0.647893
0.647893
0.560213
0.560213
0.560213
1.073575
1.024841
1.024841
0.735737
0.786103
0.268236
0.268236
0.268236
0.268236
0.268236
0.268236
0.268236
1.085348
1.085348
1.475639
1.862873
1.862873
1.148166
0.824156
0.824156
0.824156
1.223076
0.926129
0.673374
0.673374
1.211633
1.211633
1.211633
2.189215
2.189854
2.232095
2.086413
2.135634
2.043606
2.047561
2.388443
2.388443
2.388443
2.287819
1.081653
1.081653
1.081653
1.558867
1.102841
1.102841
1.102841
1.530384
1.530384
1.530384
2.076956
1.810995
1.810995
1.810995
1.254426
1.254426
1.745886
1.481446
1.481446
1.481446
1.481446
1.509321
1.509321
0.894474
0.894474
0.894474
0.894474
0.653904
1.022764
1.022764
1.022764
0.435482
0.435482
0.435482
0.435482
0.435482
0.435482
0.435482
0.435482
0.421295
1.453827
1.249166
0.991544
0.949256
0.949256
0.949256
0.925913
0.925913
0.351779
0.351779
0.816795
0.816795
0.816795
1.684365
0.960761
0.371871
0.892309
1.759367
1.610703
1.610703
1.942205
1.426087
1.426087
1.129305
1.469006
1.264709
1.264709
0.549753
0.593952
0.593952
0.593952
0.593952
0.593952
0.593952
0.593952
0.593952
0.593952
1.805534
0.595979
0.595979
0.595979
1.142638
1.142638
1.613301
2.152410
2.152410
1.030154
1.030154
1.365386
1.365386
1.084881
1.084881
1.473600
1.390611
1.216435
1.216435
1.216435
1.036302
1.036302
1.036302
1.036302
0.444874
0.444874
0.444874
0.444874
0.444874
0.444874
0.444874
0.558734
0.558734
1.034951
1.034951
1.034951
0.250795
0.250795
0.250795
0.250795
0.250795
0.250795
0.982250
0.982250
0.982250
0.982250
0.982250
0.982250
1.818998
1.818998
1.818998
1.898352
1.177848
0.693221
1.590505
0.146697
0.146697
0.146697
0.146697
0.146697
0.971488
0.738993
0.927339
0.927339
1.257890
2.267291
2.267291
2.267291
2.267291
2.351642
2.351642
1.895447
1.586771
1.586771
1.673293
1.673293
0.893607
0.893607
0.893607
0.893607
1.014128
1.477146
1.477146
1.806698
2.011196
1.899066
0.947454
0.947454
1.374597
1.483868
0.790062
1.016721
1.016721
1.016721
1.016721
2.204598
2.193540
1.737011
1.737011
1.413384
0.442682
0.944043
0.944043
0.944043
1.099879
2.042453
2.042453
2.042453
2.042453
1.850746
2.093887
2.093887
2.405087
2.405087
1.546764
1.845843
2.113710
1.737946
1.610872
2.635370
2.635370
2.635370
1.653454
1.653454
2.367283
2.332073
1.768080
2.313280
2.363311
1.583801
1.477903
2.195557
2.053087
2.053087
2.386971
2.386971
2.386971
1.953645
2.600607
2.600607
2.939096
2.371850
2.371850
2.877967
3.129511
3.129511
2.145921
2.145921
2.313523
2.313523
2.313523
2.837311
1.620758
1.620758
1.127054
1.975644
2.106592
2.189263
0.938073
1.376058
1.661442
1.539128
1.449549
1.052432
1.562570
1.307939
1.307939
1.255453
1.255453
1.198540
1.824362
1.757234
1.757234
1.757234
1.757234
1.664477
0.671097
0.671097
1.050664
1.515191
0.731903
0.731903
0.731903
0.731903
0.731903
0.731903
0.753606
0.753606
0.753606
0.753606
0.753606
0.753606
0.753606
0.535170
1.785221
1.747056
1.747056
1.472715
1.472715
1.482405
1.482405
0.679023
0.953398
1.174665
1.858404
1.858404
1.392815
1.392815
1.084972
0.884696
0.814309
1.382735
1.382735
1.382735
2.418785
1.856073
1.856073
1.823886
0.835735
0.835735
0.489972
0.489972
1.008917
1.008917
1.349263
1.349263
1.767719
1.767719
1.767719
1.767719
1.767719
1.340808
0.742623
0.742623
0.742623
0.742623
1.515358
1.515358
1.515358
1.515358
1.515358
1.163564
1.816663
1.561224
1.849804
1.849804
1.849804
1.849804
0.945364
1.506666
1.720764
1.330227
1.330227
1.330227
1.330227
1.330227
1.257674
1.257674
1.420691
1.420691
1.710589
1.861716
1.504724
1.504724
1.636191
1.253038
1.253038
1.253038
1.253038
1.253038
1.253038
0.522726
0.771095
0.771095
1.490729
1.490729
1.870320
1.870320
1.870320
1.439176
1.064672
1.084591
1.084591
1.043042
1.043042
1.074998
0.585447
0.585447
0.585447
2.047720
2.047720
2.047720
2.047720
2.047720
2.047720
3.145784
2.931751
3.211334
3.231496
2.199729
2.199729
1.618544
1.219084
1.466787
0.998394
0.998394
0.998394
0.998394
0.771031
1.338362
1.338362
1.338362
1.338362
0.994288
0.679090
0.552832
0.552832
1.594446
2.201021
2.201021
2.201021
2.201021
1.874344
1.874344
1.952548
1.952548
3.255828
3.255828
2.893458
1.383693
2.030195
2.030195
1.092020
1.092020
1.092020
0.864917
0.864917
0.864917
1.266453
1.266453
1.464030
2.320480
2.320480
2.320480
2.320480
2.320480
2.320480
2.320480
1.529053
1.608499
2.286567
2.167070
2.167070
2.405676
2.010849
1.597560
1.343451
1.944217
1.944217
1.483356
1.331935
1.529692
1.529692
1.529692
2.526570
2.656889
2.656889
2.656889
2.428997
1.875372
1.875372
1.622362
1.622362
1.724603
1.724603
1.946693
2.191362
2.191362
2.029313
1.946984
1.825371
1.965033
1.965033
0.835130
0.835130
0.835130
0.835130
0.835130
1.281203
0.435127
0.435127
0.882824
0.882824
0.746121
0.746121
0.744233
0.533165
0.455980
0.455980
0.455980
0.455980
0.455980
0.455980
0.478240
0.859376
0.859376
0.859376
0.859376
0.859376
1.384128
1.806178
1.828295
2.036841
2.036841
2.175878
2.252489
2.252489
2.726522
2.166913
1.750570
1.750570
1.398732
1.047202
1.159474
0.615475
1.698311
1.698311
1.698311
0.802082
0.802082
0.802082
0.529606
0.529606
0.529606
0.529606
0.529606
0.529606
0.529606
0.529606
0.529606
1.416231
1.416231
1.103853
1.103853
1.103853
1.403641
1.403641
1.403641
1.246417
1.590718
1.590718
1.590718
1.263455
0.896953
0.896953
0.896953
0.896953
0.896953
0.896953
0.896953
0.934901
0.934901
0.934901
0.934901
2.239947
2.239947
1.966578
1.966578
1.966578
1.106033
1.106033
1.660606
2.127802
2.127802
2.023437
2.140864
1.521924
1.521924
0.975538
0.975538
0.975538
0.975538
0.975538
0.743352
0.614203
0.614203
0.614203
0.614203
1.754563
1.471244
0.396357
0.396357
0.396357
0.396357
1.973608
1.990915
1.990915
2.384027
2.384027
1.740418
1.007184
1.007184
1.007184
1.017036
1.011346
1.011346
0.305242
0.305242
0.305242
0.305242
0.305242
0.305242
0.305242
0.305242
0.886396
0.069150
0.069150
0.069150
0.069150
0.934482
0.934482
0.856902
0.320333
0.320333
0.320333
0.320333
0.320333
0.320333
0.320333
0.320333
1.131466
0.336530
1.707363
1.017355
1.017355
0.751672
0.751672
1.104143
1.313646
1.761260
1.761260
1.660714
1.891197
1.891197
1.891197
1.891197
1.891197
1.739597
1.739597
1.500464
2.225730
2.225730
2.094108
1.679858
1.575362
2.356827
2.356827
2.356827
2.466762
2.466762
2.466762
2.466762
2.466762
2.466762
2.565985
1.456868
0.938002
1.139096
1.091262
1.091262
1.091262
1.183623
1.183623
1.183623
1.183623
1.183623
1.183623
1.183623
1.183623
1.268128
1.703569
0.813237
0.813237
0.813237
0.430547
0.430547
1.009269
1.009269
1.009269
1.009269
0.865295
0.865295
0.825681
0.825681
0.825681
0.825681
0.780729
0.780729
0.596730
0.596730
0.596730
0.596730
1.940946
2.066063
1.510765
1.743221
1.743221
1.743221
1.643472
1.643472
2.265648
2.311190
1.960331
1.960331
0.656885
1.367705
1.367705
1.367705
1.367705
1.368123
1.368123
1.368123
1.478860
1.478860
1.478860
1.478860
1.478860
1.478860
1.478860
1.478860
1.471186
1.471186
1.471186
1.471186
1.349080
1.349080
1.349080
1.349080
1.349080
1.349080
2.075742
2.075742
2.075742
2.565807
2.262731
2.262731
1.032100
1.112682
0.960992
0.960992
1.148774
1.148774
1.119010
1.119010
0.636587
0.391155
0.970380
0.970380
1.129532
0.548300
0.548300
0.548300
1.028444
1.028444
1.028444
1.918058
1.918058
1.950683
1.950683
1.950683
1.875773
1.875773
1.875773
1.875773
1.875773
1.003630
0.629112
0.629112
0.802882
1.389231
1.389231
1.389231
1.624323
1.629119
1.629119
1.629119
1.345237
1.345237
1.340414
1.119283
1.119283
1.119283
1.119283
0.590418
0.590418
0.590418
0.590418
1.027084
1.027084
1.151353
0.806292
0.806292
1.836619
1.836619
1.836619
1.836619
0.896141
1.220795
1.803612
1.920590
1.486652
0.408166
0.408166
0.408166
1.130889
1.130889
1.248511
1.511256
1.879796
2.022384
1.879831
1.655361
1.557828
2.151001
2.287492
2.287492
2.287492
1.188361
1.188361
1.816434
2.597866
2.625961
2.864787
2.864787
2.543761
2.543761
2.543761
1.886036
1.886036
2.064877
2.804792
2.804792
2.702390
1.143782
1.143782
1.199431
0.527792
0.527792
0.527792
0.527792
0.527792
0.527792
0.527792
0.527792
0.527792
0.527792
0.527792
0.527792
0.679139
0.679139
1.033713
1.240266
1.395318
0.678425
1.130698
1.130698
1.130698
1.699386
1.699386
1.699386
1.699386
1.699386
1.699386
1.699386
1.699386
1.723088
1.688711
1.308643
1.308643
0.679350
0.679350
0.679350
0.679350
0.679350
0.679350
0.679350
0.711981
0.711981
0.945230
1.375427
1.375427
1.375427
1.288807
1.059609
1.059609
1.722061
2.652530
1.420578
0.476188
0.476188
0.476188
1.187380
1.187380
1.243009
1.234629
1.972070
1.972070
1.959042
2.342449
1.429974
1.672534
1.396206
1.396206
1.396206
1.396206
1.396206
0.877172
1.446029
1.446029
1.185389
1.185389
1.352950
1.352950
1.352950
1.352950
1.352950
1.352950
1.617076
2.026911
2.132977
2.132977
3.074001
2.273963
1.991200
2.543622
2.585604
2.226552
1.100892
1.330394
1.193231
1.558753
1.558753
1.778048
1.944448
2.305233
2.305233
2.305233
2.305233
2.305233
2.305233
2.318672
2.318672
1.068776
1.068776
1.068776
1.477397
1.992870
1.992870
1.992870
2.015827
1.135504
0.516831
0.516831
0.516831
0.221089
0.221089
0.221089
0.221089
0.221089
0.221089
0.221089
0.221089
0.786229
0.786229
0.778862
0.778862
0.723766
0.723766
0.458460
0.548961
0.548961
1.539474
1.539474
1.539474
1.539474
1.539474
1.539474
2.155826
2.155826
1.484599
1.484599
1.350606
1.242190
1.242190
1.184150
1.705928
1.705928
1.705928
1.705928
1.705928
1.075903
1.905602
2.416742
1.928207
1.928207
1.529110
1.529110
1.724033
2.066309
1.728204
1.728204
2.306949
1.670576
1.819976
1.819976
1.819976
1.819976
1.819976
2.453334
2.925472
2.652481
1.950209
1.984652
1.436864
1.388989
1.388989
1.388989
1.388989
1.388989
1.388989
1.497171
1.523318
1.209847
1.221695
0.818655
0.818655
2.002596
2.002596
2.002596
2.146258
2.146258
2.146258
2.318565
2.318565
2.260604
2.260604
2.435843
2.430973
2.430973
2.430973
2.430973
2.430973
2.520620
1.836429
2.060293
1.857798
2.347468
3.506338
3.958491
3.167292
3.916132
3.916132
3.916132
3.566548
3.566548
3.566548
4.220650
4.220650
4.220650
4.220650
4.545331
4.296719
3.751164
3.668359
2.625434
2.625434
2.686069
2.707977
2.473566
2.473566
2.473566
1.912153
1.258478
1.258478
0.452858
0.452858
0.452858
0.452858
0.452858
0.593247
0.593247
1.237589
1.237589
1.237589
1.237589
1.237589
1.237589
1.585806
1.585806
1.105896
1.105896
1.297072
1.297072
2.073707
1.923478
0.567925
0.567925
0.567925
1.463135
0.943834
0.943834
0.943834
0.950634
1.061772
1.061772
1.662879
1.662879
1.853637
1.853637
1.724501
1.724501
1.210751
1.210751
1.409762
0.820680
1.123045
1.025614
0.523183
0.523183
0.523183
0.940433
1.254437
0.620077
0.620077
0.620077
0.620077
0.620077
0.620077
0.620077
0.620077
0.620077
1.256862
1.256862
0.782378
0.448804
0.448804
0.448804
0.448804
0.448804
1.450352
1.450352
1.450352
1.450352
1.155520
1.155520
0.717126
0.760104
1.265492
1.265492
1.265492
1.386039
0.943327
0.943327
0.626554
0.626554
0.969694
0.969694
0.969694
0.969694
0.969694
0.969694
0.969694
0.969694
0.969694
0.969694
0.601171
1.669234
1.887166
1.887166
1.887166
1.887166
1.887166
1.678750
1.273716
1.145386
0.507221
1.855967
1.645556
1.385722
1.290907
1.705017
1.816320
1.816320
1.816320
1.542888
1.140017
1.140017
1.140017
0.782181
0.677306
0.677306
0.677306
0.895869
0.895869
0.895869
0.895869
1.246108
1.687858
1.752822
1.762772
1.762772
1.656233
1.802769
1.802769
1.490686
1.384113
1.384113
1.384113
0.631746
0.631746
2.078668
2.078668
2.191589
1.302293
1.302293
1.603058
1.957714
1.308329
0.199059
0.199059
0.199059
0.199059
0.199059
0.199059
0.199059
0.199059
0.199059
0.199059
0.199059
0.199059
0.199059
0.199059
0.199059
0.199059
0.199059
0.199059
0.199059
0.199059
0.199059
0.199059
0.199059
0.199059
0.199059
0.941331
0.941331
0.941331
0.941331
1.780633
1.780633
2.121120
2.121120
1.959542
1.347249
1.347249
1.671636
1.887697
0.662017
0.662017
0.662017
1.197046
1.197046
1.519193
1.570345
1.593051
1.593051
1.593051
1.593051
1.775654
1.775654
1.775654
1.201726
1.872246
1.156545
1.156545
0.843070
0.843070
1.679367
1.679367
2.947058
2.947058
2.301356
3.322683
3.322683
4.614554
4.614554
4.614554
4.027529
4.610848
5.196586
3.929368
3.929368
3.497952
2.750366
2.750366
2.750366
2.750366
3.195764
2.945040
3.332638
3.332638
3.332638
3.332638
1.878045
1.878045
1.878045
1.878149
1.878149
1.878149
1.878149
1.878149
0.652165
0.652165
1.287161
1.287161
1.287161
1.287161
1.017560
1.097908
1.097908
1.459012
1.459012
1.459012
1.776432
1.400340
0.934538
1.263593
1.263593
1.263593
1.147026
1.147026
2.083061
1.390921
1.066664
0.765683
0.765683
0.765683
0.765683
0.678632
1.394422
1.441924
1.720094
1.720094
0.840613
0.791673
0.791673
0.791673
1.138731
1.141726
1.141726
1.141726
1.141726
1.476509
1.621069
1.621069
1.070924
1.150875
1.630673
1.630673
1.630673
0.586676
0.586676
1.105278
1.105278
1.105278
1.105278
1.105278
1.767081
1.767081
0.940005
0.940005
0.633490
0.633490
1.188491
1.188491
0.973791
0.973791
0.973791
0.916767
0.916767
0.916767
0.916767
0.916767
0.916767
0.916767
0.608522
1.003293
1.003293
1.003293
0.745589
0.745589
0.745589
0.937342
0.937342
0.937342
0.500185
0.500185
0.415878
0.415878
1.333528
1.333528
0.639657
0.601603
0.601603
0.438296
0.438296
0.438296
0.438296
1.281307
1.880789
1.082371
2.108445
2.108445
2.108445
2.322499
2.322499
2.305962
1.659639
1.659639
1.659639
0.498303
0.498303
1.643330
2.170742
2.170742
2.200193
1.123498
0.532483
0.532483
0.532483
0.532483
0.532483
0.532483
0.616177
0.616177
0.616177
0.756765
0.756765
0.483857
0.483857
0.483857
0.483857
1.337734
1.276419
0.959400
0.959400
1.037234
1.037234
1.037234
1.910058
1.834653
1.949913
1.949913
1.949913
1.949913
1.949913
1.949913
2.188184
2.046251
1.455047
1.455047
1.455047
1.455047
1.329836
1.117337
0.446289
0.446289
0.519786
0.519786
0.519786
0.519786
0.499622
0.499622
0.499622
0.664638
0.664638
0.927740
0.927740
0.927740
0.927740
0.927740
0.927740
0.927740
1.287879
1.838327
1.427027
2.010609
2.010609
2.010609
2.010609
2.010609
1.296162
1.296162
1.296162
1.296162
1.316271
1.316271
1.577761
1.247395
1.247395
0.843565
0.426465
0.426465
1.173110
1.173110
1.031480
1.031480
0.652382
0.652382
0.822241
0.822241
0.822241
0.822241
1.143704
1.060222
0.708184
0.533665
0.533665
0.533665
0.533665
0.533665
0.533665
0.533665
0.567822
0.809775
0.540257
1.026146
1.033674
1.057988
1.057988
1.057988
1.057988
1.057988
0.910582
1.112988
1.874584
1.874584
2.108450
2.150300
2.150300
2.150300
1.942624
1.806278
1.806278
1.806278
1.812351
1.812351
1.812351
1.685044
1.340874
1.340874
1.616269
2.073540
2.031976
1.799109
1.799109
1.799109
1.799109
1.799109
1.799109
0.792816
0.825219
0.929269
0.929269
1.058887
1.058887
1.058887
1.058887
1.058887
1.058887
0.470765
1.166322
2.677668
2.677668
3.053779
2.898135
2.898135
2.282435
1.992354
0.525526
1.003703
1.003703
1.003703
0.936820
1.602053
1.602053
1.669445
1.494683
0.766720
0.766720
0.568444
1.135168
1.249390
1.249390
1.857294
2.270256
1.355808
1.355808
1.355808
1.355808
1.935680
2.937659
2.327927
2.218853
2.218853
2.974503
2.974503
2.974503
1.944959
1.944959
0.754118
0.873189
1.791244
2.455541
1.341933
1.341933
0.981341
0.732946
0.732946
0.732946
0.416234
0.416234
0.416234
0.416234
0.416234
0.416234
1.396010
1.396010
0.811729
0.811729
1.217305
0.842980
0.842980
1.288979
1.288979
1.841381
1.841381
1.451055
1.969965
1.969965
1.487815
1.714831
1.390286
1.390286
1.390286
1.797801
1.797801
2.364514
2.364514
1.876529
1.482000
1.482000
1.482000
1.162373
1.125255
1.253968
1.253968
1.320646
1.377454
1.344693
0.978248
0.978248
0.978248
0.978248
0.978248
1.008476
1.008476
1.008476
1.072121
1.072121
1.110332
1.110332
1.168667
1.168667
1.168667
1.547084
1.746351
2.272534
1.737101
1.737101
2.312948
2.312948
2.032487
2.455896
2.455896
2.324822
2.269141
3.026411
3.026411
3.228039
3.070194
1.791410
1.791410
1.791410
1.791410
1.864695
1.864695
1.864695
1.864695
0.618791
0.438076
0.481802
0.481802
1.235210
0.630640
0.630640
0.630640
1.242200
1.362656
1.362656
2.769118
2.393691
2.393691
1.956621
2.310100
2.310100
2.310100
1.368027
1.368027
2.016118
1.142856
1.142856
2.300719
2.105905
2.105905
1.585720
1.418089
1.418089
1.133512
1.897332
1.897332
2.344685
1.518884
1.745469
1.342560
1.342560
1.459922
1.459922
2.120678
1.249249
1.249249
1.249249
1.558856
2.185028
2.296185
1.895062
1.895062
1.847314
1.523049
1.523049
1.523049
1.523049
1.523049
1.523049
1.523049
1.523049
2.222550
2.345877
3.110520
2.693878
1.990372
1.349175
0.951964
1.229734
1.811935
1.811935
2.586651
2.064768
2.064768
2.064768
1.881740
1.491638
1.491638
1.491638
1.491638
1.491638
1.491638
1.622041
1.622041
1.622041
1.622041
0.897321
0.897321
0.897321
0.925599
0.925599
1.378453
1.229207
0.509939
0.509939
0.509939
0.855155
0.984935
0.736919
0.736919
1.538297
1.538297
1.033799
1.019541
1.903789
1.372982
1.535406
0.941596
1.304191
1.708551
1.708551
1.708551
1.221741
1.653624
1.628604
1.628604
1.576492
2.309026
1.897769
1.897769
1.897769
1.897769
2.198580
2.198580
2.146750
2.146750
0.595740
0.750282
0.750282
0.750282
0.742939
0.363551
0.419219
0.419219
1.305682
1.108158
1.630236
2.350797
1.219426
1.219426
1.219426
1.219426
0.497196
0.497196
0.497196
0.497196
0.497196
0.478377
0.478377
0.848379
0.848379
0.848379
0.821954
1.131184
1.073022
1.073022
1.073022
1.073022
1.073022
1.073022
1.873751
1.873751
1.873751
1.464349
1.409936
1.409936
1.464828
1.464828
1.570595
1.570595
1.319983
1.267975
1.267975
1.273620
0.573593
0.573593
0.573593
0.573593
0.573593
0.573593
0.573593
0.573593
0.573593
1.252487
1.590226
1.590226
1.400656
1.077697
1.077697
1.077697
1.077697
1.117753
1.545157
1.545157
1.545157
1.303085
1.303085
1.303085
1.303085
1.695524
1.131011
1.131011
1.238244
1.238244
1.238244
1.133464
1.133464
1.179500
1.475463
1.475463
1.840407
1.989820
1.989820
1.989820
1.989820
0.837159
0.837159
1.423041
1.345775
0.664156
0.664156
0.664156
1.420135
1.420135
0.615850
0.615850
0.775728
0.775728
0.231142
0.231142
0.231142
0.231142
0.231142
0.231142
0.231142
1.120664
1.120664
0.941083
0.941083
0.555647
0.555647
1.089089
0.908690
1.012107
1.012107
1.012107
1.012107
1.667660
1.667660
1.667660
1.096280
0.764912
0.764912
0.756204
0.802722
1.338975
0.449395
0.449395
0.449395
1.300335
1.162318
1.126434
1.051445
0.658974
0.658974
0.658974
0.658974
1.569255
1.569255
1.569255
0.947702
0.947702
0.950166
0.950166
0.580085
0.580085
0.580085
1.013709
1.013709
1.773923
1.773923
1.773923
1.773923
1.773923
1.960661
1.960661
2.076258
2.076258
1.677477
1.677477
1.677477
0.705585
0.705585
0.705585
0.705585
1.056747
1.056747
1.056747
1.774425
1.426370
1.426370
0.804532
0.804532
1.309470
1.309470
1.309470
1.309470
1.309470
1.309470
1.309470
1.652343
1.232741
1.232741
1.232741
1.531367
0.796509
0.796509
0.835356
0.835356
0.835356
0.406975
0.406975
0.406975
0.406975
0.406975
1.731875
2.074544
2.366279
2.366279
3.382808
3.382808
3.327357
2.991996
3.130004
3.130004
2.679384
2.741480
1.798865
0.995265
0.995265
1.453248
1.453248
1.906036
0.800843
1.073703
1.187607
1.187607
2.000285
2.000285
2.000285
2.181717
2.181717
2.181717
1.970327
2.363806
2.570054
1.958550
1.958550
1.825616
1.373172
1.249372
2.493089
2.142353
2.142353
2.560035
1.642441
1.642441
1.642441
1.642441
1.225966
1.975310
1.819331
2.554281
2.806597
2.554491
2.554491
1.743720
2.694873
2.694873
2.224173
2.256883
2.256883
1.793636
2.354262
2.354262
2.354262
2.031827
2.031827
2.031827
2.031827
1.616633
2.888494
2.554312
3.079009
3.079009
2.995692
2.995692
2.960944
2.572434
2.714176
2.016961
1.462826
1.297878
0.838001
0.815870
0.894677
0.894677
0.894677
0.894677
0.738277
0.738277
0.738277
0.738277
0.738277
0.738277
1.246241
1.246241
1.246241
1.246241
1.246241
1.140695
1.148177
1.148177
1.148177
1.148177
1.932106
1.307188
1.307188
1.307188
1.307188
0.481137
0.481137
0.481137
0.481137
0.481137
0.481137
0.481137
0.481137
0.481137
0.481137
1.661921
1.661921
1.108304
1.108304
1.108304
1.108304
1.108304
1.212502
1.768829
1.615356
1.465309
0.939055
0.939055
0.939055
0.549205
0.549205
1.141018
1.141018
1.141018
1.141018
1.446247
0.289024
0.849908
0.764182
0.764182
0.764182
0.764182
0.764182
0.764182
0.764182
0.764182
0.974576
0.974576
0.974576
0.974576
0.974576
1.494064
1.542556
1.166694
1.140768
0.897111
0.897111
1.086958
0.988450
0.988450
1.194771
1.194771
1.194771
1.194771
1.291415
1.291415
0.617613
0.617613
1.121764
1.121764
1.121764
0.505727
0.505727
0.505727
0.505727
0.505727
0.505727
0.505727
1.299986
0.416411
0.416411
0.416411
0.416411
0.416411
0.416411
0.416411
0.416411
0.416411
0.793303
0.793303
0.793303
0.793303
0.793303
0.793303
1.775036
1.775036
2.089030
2.089030
2.022069
1.981401
1.981401
1.578629
1.585465
1.937781
1.947938
1.947938
1.947938
2.540978
2.455299
2.122608
2.123840
2.027769
2.027769
2.027769
2.027769
2.027769
2.027769
2.980883
1.871201
2.733876
3.227988
3.227988
3.075198
3.075198
2.228299
2.228299
2.228299
2.228299
2.233211
2.233211
1.874970
1.822767
1.822767
1.822767
1.822767
1.822767
1.314034
1.459848
1.459848
1.536957
1.762822
1.762822
1.731020
1.541768
1.541768
1.541768
0.744972
0.744972
0.744972
0.744972
0.744972
1.176143
1.176143
1.176143
0.925353
0.738358
0.738358
0.416391
1.472220
1.472220
2.191380
2.739604
2.739604
2.970539
2.804831
2.804831
2.897761
2.618201
2.783533
2.783533
2.783533
1.620296
1.620296
1.620296
1.620296
1.620296
2.713665
2.167549
2.167549
2.167549
2.167549
1.677323
1.677323
1.677323
1.677323
1.677323
1.290022
1.290022
1.328892
0.836549
1.619920
2.198142
2.198142
1.511771
1.511771
1.350940
1.350940
1.348335
1.183017
1.183017
1.183017
1.183017
1.183017
1.183017
1.183017
1.183017
1.624368
1.624368
1.624368
1.624368
1.624368
1.726496
1.671367
1.671367
1.671367
1.853102
2.365647
2.577549
1.951276
1.565498
1.341156
1.341156
1.341156
1.341156
0.694637
0.694637
0.694637
0.694637
0.694637
0.859989
0.859989
0.779718
0.779718
0.779718
0.779718
0.963498
0.963498
0.963498
0.963498
1.776013
2.014603
1.579966
1.579966
1.579966
1.345403
1.420527
2.525171
3.937266
3.937266
4.007175
4.007175
4.007175
4.845219
4.973380
3.568878
3.837471
4.092599
3.972436
3.902942
4.270441
4.270441
4.270441
5.162752
5.162752
5.120072
5.648581
4.548335
4.697316
4.697316
4.412373
4.605105
4.568897
4.568897
4.568897
4.568897
5.176624
4.630754
4.630754
4.898584
3.707044
3.707044
3.229724
3.229724
3.229724
3.068550
4.336241
4.633785
4.615827
4.615827
4.668893
4.911401
4.441613
2.824709
2.824709
2.165903
2.165903
1.376133
0.471983
0.471983
0.471983
1.359660
1.359660
0.623615
0.623615
1.184175
1.184175
1.184175
1.184175
0.500858
0.500858
1.091855
1.514764
0.386051
0.518117
0.518117
0.518117
1.249724
1.249724
1.249724
1.296578
1.296578
1.296578
1.296578
1.023347
0.434880
0.714081
0.714081
1.964661
1.964661
1.964661
2.086199
2.086199
2.279019
2.519885
2.915777
2.915777
2.915777
3.030638
2.939755
2.939755
3.732076
3.732076
3.732076
3.280233
2.640523
2.640523
1.918336
1.918336
2.193507
2.193507
2.388280
2.388280
2.388280
2.451545
2.451545
2.530009
2.343166
1.566241
1.566241
1.566241
1.566241
0.990597
0.665502
0.665502
1.305875
1.305875
0.560319
0.560319
0.560319
0.560319
0.560319
0.560319
0.571275
0.571275
0.571275
0.823466
0.823466
0.823466
0.448611
0.448611
0.448611
0.448611
0.448611
0.448611
0.448611
0.448611
0.448611
0.448611
0.448611
0.448611
0.448611
0.448611
0.448611
0.448611
1.045194
1.180045
1.563575
1.681210
1.698046
1.307988
1.307988
1.307988
1.735645
1.611709
1.265581
0.713173
1.831631
1.831631
1.713172
1.038000
1.038000
1.282086
0.911186
0.911186
1.243763
0.776972
0.776972
0.776972
0.776972
0.776972
0.429922
0.889840
1.826371
1.748251
1.748251
1.814361
1.858589
1.858589
1.292139
1.292139
0.803785
0.803785
2.346847
2.033150
2.190298
1.816239
1.254440
2.062236
1.773872
1.773872
1.773872
1.534723
1.534723
2.108473
2.108473
2.298495
2.298495
1.749951
1.749951
2.202576
2.447133
2.447133
2.447133
1.416564
1.628502
1.628502
1.743091
2.491860
2.681113
2.242191
2.242191
2.242191
2.090345
2.090345
1.877634
2.096909
2.096909
2.096909
1.901729
2.359472
1.641349
1.929677
1.929677
2.031927
2.031927
1.976669
2.073431
2.436263
2.436263
1.978001
1.978001
1.991236
1.802166
1.802166
1.802166
2.214070
2.214070
2.214070
1.851555
1.364691
1.507784
1.507784
1.507784
1.507784
1.507784
1.507784
2.722453
2.722453
2.722453
2.381925
2.043162
2.043162
2.043162
1.087663
0.962550
0.962550
0.962550
0.962550
0.962550
0.962550
0.962550
1.724836
1.724836
1.724836
0.330514
0.330514
0.330514
0.330514
0.330514
0.330514
0.330514
0.330514
0.330514
0.330514
0.353103
0.353103
0.353103
0.353103
0.353103
0.353103
0.353103
0.767004
0.929373
0.428907
0.428907
0.428907
0.428907
0.428907
1.273388
1.273388
0.841860
0.481242
0.481242
0.481242
0.537409
0.537409
0.537409
0.537409
0.810103
0.810103
0.810103
1.018827
1.018827
1.018827
0.616193
0.646112
0.646112
0.646112
0.571751
0.571751
0.571751
0.571751
0.497507
0.575259
0.575259
0.891375
0.891375
0.891375
0.891375
1.335735
1.335735
1.335735
1.335735
1.080230
1.080230
0.463966
0.463966
0.463966
0.942223
0.942223
0.492706
0.492706
0.492706
0.759027
0.759027
0.686714
0.354894
0.354894
0.354894
0.354894
0.354894
1.273732
1.080194
1.142054
1.142054
1.034586
1.034586
0.948326
0.948326
0.948326
0.948326
1.830814
1.830814
2.121425
2.725984
2.725984
1.876136
1.365132
1.011961
1.011961
0.256015
0.256015
0.256015
0.256015
0.256015
0.256015
0.703021
0.703021
0.703021
0.703021
0.703021
1.338605
2.057650
1.851101
1.454515
1.454515
1.736539
1.736539
2.014329
2.014329
2.014329
2.014329
2.330597
1.538117
1.538117
1.963003
0.950559
0.950559
0.950559
0.950559
0.561897
0.761494
0.761494
0.761494
2.098974
2.098974
2.098974
1.624267
1.764341
1.764341
1.764341
1.764341
1.135597
1.135597
1.135597
1.007978
1.007978
0.747794
0.747794
0.747794
0.747794
0.747794
1.333076
1.106271
1.106271
1.106271
1.117539
1.117539
1.117539
1.327611
1.244774
0.809537
0.952685
1.432558
1.432558
0.558411
0.558411
0.558411
1.304781
1.304781
2.094757
2.094757
2.094757
1.522087
1.838752
1.624059
1.624059
1.624059
1.712114
1.712114
2.313083
2.313083
1.694090
1.694090
2.175999
1.875751
0.866369
0.866369
0.650008
0.650008
0.650008
0.650008
1.018323
1.018323
1.063376
1.063376
1.114665
1.114665
1.114665
1.816154
1.816154
1.816154
1.659390
1.788076
1.788076
2.121649
2.121649
2.585966
2.585966
2.585966
2.585966
2.585966
2.563656
2.003322
2.048227
2.048227
2.179767
2.548777
2.548777
2.548777
2.442713
2.442713
2.442713
2.442713
2.442713
2.442713
2.442713
2.442713
2.092366
1.964444
2.147382
2.862935
2.862935
2.862935
2.199686
1.985984
1.447913
2.028116
2.028116
2.119395
2.162307
2.162307
2.258033
3.275835
3.275835
3.275835
2.409805
2.409805
2.409805
2.440434
2.440434
2.430349
1.178164
1.178164
0.592643
0.592643
1.108222
1.035930
1.083657
1.083657
1.083657
1.083657
0.875739
0.558137
0.558137
0.453691
0.453691
0.453691
0.453691
1.430003
1.640411
2.116735
1.465345
1.465345
0.953153
0.928238
0.928238
0.993589
0.525786
0.525786
0.525786
0.697953
1.285665
1.285665
1.042902
1.252815
1.040567
1.564680
1.379598
1.726793
1.722458
1.722458
2.599180
2.599180
2.884935
2.997831
3.596156
3.596156
3.596156
3.596156
3.596156
3.760787
4.444011
4.407806
4.407806
4.338098
4.338098
3.110217
3.793027
2.542229
1.953348
1.840434
1.840434
2.830402
3.095582
3.095582
3.095779
1.844608
1.844608
1.829627
1.829627
1.340127
0.337242
0.337242
0.337242
0.337242
0.337242
1.459867
1.459867
1.096656
1.096656
1.096656
1.051062
1.159835
1.258613
1.258613
1.258613
1.258613
1.200163
1.200163
1.398136
1.398136
0.376252
0.990538
0.990538
1.459643
1.807801
1.807801
1.807801
1.807801
1.716102
1.716102
1.716102
0.508371
0.508371
0.508371
0.992330
0.992330
0.828437
0.828437
0.828437
0.887937
0.887937
1.394701
1.805718
1.805718
1.805718
1.805718
0.940556
0.731204
0.707380
0.707380
0.991537
1.048500
1.048500
1.982421
1.924164
1.924164
1.089216
0.951552
0.951552
0.951552
0.951552
1.080237
1.524593
1.524593
2.195565
2.195565
2.195565
1.454467
1.454467
1.557414
1.660003
1.474215
1.474215
0.734958
0.734958
0.734958
0.734958
0.734958
0.734958
0.734958
0.885420
0.885420
1.246035
1.359897
1.359897
1.359897
2.144285
2.450685
2.450685
2.136481
1.532885
1.592739
2.184515
2.244115
2.281999
2.429220
2.457087
2.379241
2.379241
1.610175
1.610175
1.610175
2.519177
2.099601
2.419419
2.459713
2.459713
1.480490
2.391806
2.391806
2.171553
1.401171
1.791757
1.791757
1.504089
1.878672
1.842783
1.434866
1.434866
1.434866
1.565135
1.565135
1.565135
1.565135
1.565135
1.565135
1.565135
2.527874
2.527874
2.087471
1.864984
1.990248
1.990248
1.990248
1.384604
1.472007
1.472007
1.472007
0.637806
0.637806
0.637806
0.851681
1.335594
1.335594
1.335594
1.335594
1.335594
1.335594
1.032293
1.032293
1.032293
1.032293
0.657320
0.657320
0.657320
1.088763
1.088763
2.047000
2.047000
2.047000
2.385792
2.472605
2.472605
2.472605
1.798274
1.798274
1.053905
1.316186
1.316186
1.316186
0.847487
0.847487
1.372202
0.992633
0.992633
0.992633
0.992633
0.992633
1.018124
1.018124
0.747346
0.747346
0.747346
0.973156
0.973156
0.919588
0.919588
0.919588
0.919588
0.919588
0.939772
0.587113
0.798100
0.483854
0.483854
0.483854
0.483854
0.483854
0.483854
0.483854
1.274568
1.274568
1.537303
1.537303
1.537303
1.537303
1.336736
1.336736
1.178809
1.178809
1.178809
1.178809
0.952062
0.952062
0.952062
1.052339
1.052339
1.052339
1.052339
0.527167
0.527167
0.298813
1.125668
1.125668
1.125668
1.125668
0.549205
0.549205
0.549205
0.549205
0.549205
1.056169
1.113652
1.113652
1.113652
1.113652
0.960311
0.960311
0.960311
1.127540
1.170774
1.170774
1.362299
1.907199
1.907199
1.907199
1.907199
2.049351
2.049351
1.943811
1.943811
2.043751
2.787240
2.787240
1.564223
1.413646
0.842255
0.842255
0.842255
0.842255
0.842255
0.842255
1.523258
1.892561
1.892561
1.775305
1.775305
1.775305
1.775305
1.212624
1.212624
1.212624
1.212624
1.212624
1.496890
0.997580
0.997580
0.997580
0.997580
0.997580
0.997580
2.246730
2.246730
2.564860
2.564860
1.949891
1.519810
0.870273
0.870273
0.855186
0.855186
0.645088
0.725370
0.725370
0.959659
1.974423
1.812554
1.019833
1.019833
0.692895
0.692895
0.692895
0.692895
1.934803
1.611488
0.168743
1.034640
1.548128
2.782515
2.146494
2.146494
1.183374
2.419311
2.419311
2.443284
2.195328
1.700977
1.700977
1.252730
1.252730
1.252730
1.252730
0.847307
0.847307
0.847307
1.570532
1.628150
1.628150
1.502208
1.502208
1.502208
1.502208
0.997089
1.660893
2.278761
2.023083
1.383303
1.453966
1.453966
1.453966
1.453966
1.333624
1.333624
1.333624
1.333624
1.333624
1.007543
1.007543
1.007543
1.007543
1.007543
1.331681
1.428428
1.553285
2.062093
2.062093
1.675836
1.737895
1.737895
1.665696
1.665696
1.379632
1.170122
1.394654
1.394654
1.394654
1.647972
1.413311
0.812807
1.763150
1.006936
0.557712
0.557712
0.557712
1.465262
1.465262
2.178070
2.690333
2.375804
0.937626
1.482880
1.333086
1.333086
1.221419
1.221419
1.221419
1.221419
0.629714
0.629714
0.629714
0.612144
0.612144
0.648805
0.648805
0.648805
0.989377
0.836053
1.218600
1.468424
1.468424
1.378524
1.378524
1.166484
1.166484
0.792440
0.792440
0.792440
1.233658
1.378382
1.378382
1.184305
1.453300
1.453300
1.453300
1.555922
2.143195
2.361487
1.280715
1.280715
1.680602
1.522796
1.522796
1.522796
1.538720
1.869781
0.961929
2.046357
2.189965
2.189965
3.282127
2.350907
1.796177
1.487472
1.379775
1.379775
1.040793
1.190158
2.359590
1.565108
1.565108
1.452665
1.452665
1.477090
1.477090
1.367453
1.367453
1.367453
1.883156
1.883156
2.791985
2.791985
2.791985
2.791985
2.598038
2.050554
2.367805
1.998292
1.679150
0.900588
0.900588
0.900588
0.957767
0.957767
0.957767
0.957767
0.957767
0.957767
0.842212
0.926550
0.926550
0.926550
0.926550
0.930032
1.572457
1.574940
1.574940
1.420631
1.945659
2.448711
2.448711
1.740106
1.740106
1.740106
1.762957
1.954388
1.535793
1.535793
2.128239
1.944021
1.944021
1.944021
1.944021
3.047965
3.392748
3.308327
2.137953
2.137953
2.137953
2.137953
1.348361
1.348361
0.759164
0.759164
0.759164
0.759164
0.759164
0.759164
0.759164
0.759164
0.759164
0.759164
0.759164
0.759164
0.892937
0.892937
0.892937
0.892937
1.393948
1.393948
1.393948
1.293299
0.997681
0.806595
0.806595
0.806595
0.806595
0.806595
1.473653
1.473653
1.473653
1.473653
1.656793
1.656793
1.597128
1.505595
2.365241
2.365241
2.365241
2.365241
3.224596
3.224596
1.593918
1.593918
1.291402
1.656043
1.764720
1.552846
1.906291
1.906291
1.906291
1.759559
1.759559
1.759559
2.052272
0.533264
0.533264
0.533264
0.711467
0.711467
0.711467
1.662976
1.416973
1.756135
1.163609
1.163609
1.057827
1.057827
1.057827
1.057827
1.057827
0.916363
0.534947
0.964825
0.964825
1.705149
1.917411
2.060585
1.719454
1.719454
1.345471
2.114872
2.118081
3.105782
2.710929
2.456390
2.357948
2.357948
1.669119
1.885223
1.885223
1.885223
1.885223
1.885223
2.485605
2.485605
2.917857
2.917857
2.917857
2.723272
2.723272
2.451622
1.991440
1.991440
1.991440
1.991440
1.318203
1.004150
1.004150
1.004150
1.779084
1.303733
1.303733
1.303733
1.377561
0.935238
0.935238
1.078203
1.710941
0.745985
0.745985
0.513961
0.513961
0.513961
0.513961
0.513961
1.308131
0.691076
0.691076
1.291686
1.291686
1.672186
1.398573
1.834217
1.834217
1.607086
0.637208
0.637208
0.803506
0.803506
2.236848
2.236848
2.495819
2.602146
2.562867
2.609853
2.609853
1.789531
1.789531
1.949947
1.551714
1.551714
0.323820
1.164130
1.164130
1.164130
0.720947
0.720947
0.870812
0.352478
0.352478
0.352478
0.352478
0.352478
0.352478
1.219486
1.219486
1.219486
1.651816
1.651816
1.363227
0.724446
0.733190
0.733190
0.733190
0.733190
0.655557
0.655557
0.877543
0.766481
0.766481
0.766481
0.766481
1.673061
1.892653
1.892653
1.892653
1.892653
1.892653
1.697125
1.697125
1.178222
1.053997
1.397922
0.924116
1.340597
0.765253
0.765253
0.908741
0.741704
2.342246
1.956047
2.331494
1.974407
1.974407
1.974407
1.974407
1.974407
1.974407
1.974407
1.974407
1.974407
1.974407
1.717074
1.717074
1.763680
1.687219
1.532239
0.822732
1.105723
0.888234
1.420586
1.420586
1.420586
1.420586
1.420586
1.420586
1.514276
1.514276
2.143262
2.195890
1.415310
1.243127
1.243127
1.589878
1.589878
1.826605
1.543060
1.399269
1.399269
1.466583
1.411217
1.290331
0.638408
0.638408
0.638408
0.885792
0.885792
1.721289
1.426764
1.426764
1.426764
1.218604
1.189361
1.189361
1.189361
1.148935
1.415645
1.415645
1.674376
1.366755
0.731715
0.731715
0.551852
0.551852
0.551852
0.765121
0.765121
0.765121
1.600661
1.600661
1.598105
1.426436
1.200627
1.474138
0.670094
0.670094
0.670094
0.670094
0.670094
0.921634
2.515332
2.501051
1.113412
1.113412
1.010010
1.110171
2.140202
2.140202
2.140202
2.140202
1.781729
1.781729
0.630116
0.630116
0.630116
1.760886
0.604361
0.604361
0.551654
0.551654
0.551654
0.551654
0.551654
1.548904
1.136875
1.136875
1.136875
0.774669
0.774669
0.774669
0.774669
0.774669
0.774669
0.774669
0.774669
1.189622
1.189622
1.189622
2.210484
2.210484
2.234184
2.914389
2.914389
1.933002
1.933002
1.933002
1.933002
0.940235
0.940235
0.940235
0.940235
0.789724
0.789724
0.789724
0.789724
0.789724
0.789724
0.789724
0.789724
0.789724
1.225687
1.133407
1.973725
1.973725
1.973725
1.973725
1.973725
0.705978
0.452555
0.452555
0.452555
0.643436
2.124845
2.124845
1.123000
1.123000
0.942780
0.822688
1.536651
1.750944
1.994802
1.994802
0.898205
0.898205
1.039584
1.206777
1.189968
0.836420
0.725040
1.170654
1.170654
1.170654
1.566066
1.566066
1.566066
1.566066
1.606644
1.606644
1.606644
1.413603
1.406276
1.310126
1.310126
1.310126
1.310126
1.488326
0.285039
0.285039
0.285039
0.285039
1.009845
1.164372
0.675064
0.717825
1.183209
1.183209
0.738831
0.590198
0.590198
0.590198
1.266182
1.445591
1.445591
1.010112
1.010112
0.978303
1.823359
1.823359
1.377954
1.377954
2.174422
2.174422
2.174422
2.174422
2.031982
1.121198
1.121198
1.121198
1.121198
1.256259
1.256259
1.517616
1.634447
1.488253
1.584408
1.584408
1.584408
0.664838
1.155144
0.674740
1.043117
1.043117
1.043117
1.043117
1.043117
2.067661
2.067661
2.067661
2.067661
2.865196
1.557722
1.172303
2.020741
2.087973
2.553186
1.158467
1.158467
0.782408
1.589962
1.589962
1.692223
1.692223
1.692223
1.636970
1.636970
1.423390
1.423390
1.883722
1.822995
1.822995
1.822995
3.016880
3.016880
3.611851
3.074878
3.937930
3.937930
3.496763
3.226743
3.226743
4.104577
4.104577
3.496298
3.496298
4.324441
3.746658
3.746658
3.746658
2.969861
2.969861
2.969861
2.887081
2.707178
2.726304
3.238906
3.238906
2.662429
2.251032
2.182994
2.182994
1.955908
2.450065
2.450065
0.987202
0.645905
0.645905
0.645905
0.645905
0.645905
1.051529
1.214709
1.214709
1.214709
1.205942
0.942475
0.491832
0.491832
0.491832
1.152891
1.152891
1.152891
1.152891
1.152891
1.152891
1.152891
1.152891
1.152891
1.165256
0.996005
1.739537
1.739537
1.870284
1.870284
1.870284
1.632747
0.702129
0.568545
0.709173
0.709173
0.709173
0.709173
0.709173
1.135911
1.135911
1.135911
1.135911
1.135911
0.908622
0.908622
0.908622
0.846947
0.938523
0.717296
1.420621
1.577059
1.748877
2.610307
2.610307
2.610307
2.870330
2.599414
2.895598
2.777634
2.777634
2.537334
2.491686
2.491686
1.120589
0.363466
0.363466
0.363466
0.363466
0.363466
0.363466
0.363466
0.363466
0.363466
1.280021
1.280021
1.562617
2.287283
2.287283
2.511471
2.312037
2.631292
2.631292
2.878527
2.026039
1.885083
1.203057
1.220633
1.220633
0.920175
1.429338
1.594325
1.699161
1.570855
1.136019
2.210425
2.210425
2.210425
2.210425
1.564651
1.648041
1.974584
0.963812
0.963812
0.575348
0.575348
0.575348
0.575348
0.575348
0.483609
0.483609
0.483609
1.068601
0.941428
1.099118
1.523862
1.523862
1.523862
1.523862
1.523862
1.896476
1.729053
1.729053
1.729053
1.729053
1.729053
1.612954
1.612954
1.652268
1.363335
0.839716
0.839716
0.486889
0.851617
1.110196
1.184628
0.476964
0.476964
0.627977
0.627977
0.690567
0.690567
0.994880
0.994880
1.286451
1.286451
1.511047
1.940706
2.353184
2.379072
2.417096
2.417096
1.666970
1.666970
1.666970
1.666970
1.885308
1.885308
1.885308
1.885308
1.411978
1.411978
1.429941
1.429941
2.347287
2.347287
2.347287
2.773217
2.773217
1.495108
1.189707
0.449751
0.846627
0.846627
0.846627
0.846627
0.846627
0.846627
0.846627
0.376331
0.376331
0.376331
0.376331
0.376331
0.376331
0.376331
0.376331
1.160968
1.486550
1.401948
1.401948
1.011241
1.776329
2.022712
2.498155
1.863557
2.120459
2.139348
2.139348
1.449901
1.432175
1.757345
2.444662
2.444662
2.444662
2.444662
2.444662
1.421248
1.777977
1.777977
1.777977
1.777977
1.777977
1.518247
2.563201
1.861314
1.861314
1.201126
1.201126
1.201126
1.460246
1.938045
1.938045
1.236608
1.236608
1.236608
1.291551
0.740535
0.740535
1.318686
1.478237
1.686523
1.686523
1.689589
1.689589
1.410947
1.410947
1.167697
1.167697
0.905798
0.905798
0.905798
0.905798
0.905798
0.905798
0.905798
0.785509
0.828301
0.859337
0.859337
0.859337
0.562086
0.562086
0.562086
1.208863
1.208863
1.400695
1.400695
1.188116
1.244917
0.348722
1.371826
0.307469
0.307469
0.307469
0.307469
0.307469
0.307469
0.471516
0.471516
0.471516
0.471516
0.471516
0.471516
0.471516
0.957421
0.957421
0.957421
1.170176
0.337301
0.901119
0.901119
0.901119
0.901119
1.343460
1.343460
1.343460
2.259266
0.934488
1.449095
1.449095
1.449095
1.449095
1.449095
1.449095
1.449095
1.449095
1.701758
1.701758
2.132965
2.132965
1.929201
1.217028
2.173806
2.173806
2.096571
2.159083
2.159083
1.259762
1.259762
1.259762
1.259762
1.202870
1.612423
1.612423
1.612423
2.493347
3.349350
3.136352
3.136352
2.951012
2.052319
2.052319
2.052319
2.052319
2.125236
2.124036
2.283199
1.936794
2.270031
2.398178
2.832934
2.840235
2.840235
2.226193
2.226193
1.835012
1.009571
1.043823
0.861043
0.861043
0.874415
0.874415
0.874415
1.439882
1.768295
1.768295
1.768295
2.292354
1.832366
1.637561
1.637561
1.637561
0.984960
0.427799
1.185076
1.211001
1.211001
1.211001
1.211001
0.724646
0.946258
0.819977
0.819977
0.819977
0.819977
0.819977
0.819977
0.900820
0.900820
0.900820
0.900820
1.231954
0.798051
1.651312
1.651312
1.651312
1.651312
1.651312
1.651312
0.560208
0.903250
1.594228
1.454525
0.821788
0.869299
0.869299
0.869299
0.869299
0.869299
0.869299
0.869299
0.869299
0.869299
0.869299
0.869299
0.869299
0.869299
0.869299
1.127034
1.127034
0.972704
0.972704
0.972704
0.988112
0.183833
0.183833
0.595223
0.595223
0.595223
0.595223
0.595223
0.595223
0.595223
0.595223
0.595223
0.595223
0.600589
0.600589
0.600589
0.600589
0.600589
0.600589
0.600589
0.600589
0.600589
0.600589
0.600589
0.561708
0.444745
0.444745
0.444745
1.075375
0.748762
0.748762
0.120071
0.120071
0.120071
0.120071
0.120071
0.120071
0.120071
0.120071
0.120071
0.120071
0.120071
1.109174
0.529442
0.701544
0.701544
1.012749
1.012749
0.990172
0.990172
0.989326
1.079246
1.079246
1.145767
1.145767
0.843063
0.730765
0.730765
0.730765
0.985652
1.106407
1.106407
2.008778
2.008778
2.008778
1.064267
1.667981
0.361296
0.361296
0.361296
0.384942
0.384942
0.384942
1.771210
1.537462
1.537462
1.574844
1.574844
1.574844
1.574844
1.977220
1.403956
0.756838
1.505874
2.078454
2.078454
2.783180
3.373266
2.747920
2.225864
2.864436
3.269343
2.385392
2.385392
2.189357
2.568467
2.720632
1.811459
1.410030
2.538377
2.166061
2.166061
2.166061
2.037634
2.037634
2.037634
2.304874
1.285771
1.285771
1.501032
1.722716
1.180422
1.180422
1.109810
1.109810
0.698458
0.204170
0.204170
0.204170
0.204170
0.204170
1.055472
1.055472
1.055472
0.931485
0.931485
1.645943
1.645943
1.645943
1.628551
1.707314
0.977891
1.693931
1.798140
1.079988
0.745012
0.745012
0.745012
0.745012
0.745012
0.745012
0.745012
1.728976
1.814395
1.814395
1.814395
1.814395
1.814395
1.358758
1.333576
1.333576
1.707021
1.395979
1.395979
1.021540
0.266005
0.266005
0.653572
0.638267
1.160688
1.160688
0.697567
0.697567
0.716625
0.716625
0.716625
0.716625
0.716625
0.756038
0.756038
0.756038
0.756038
0.756038
0.756038
0.756038
0.756038
0.609505
0.609505
0.609505
0.365188
0.634187
0.634187
0.634187
0.279009
0.279009
0.279009
0.448346
0.448346
0.448346
0.448346
0.448346
0.448346
0.448346
0.448346
0.448346
0.448346
0.448346
1.413077
1.413077
1.413077
1.413077
1.413077
1.474958
1.474958
2.050665
2.050665
2.050665
2.050665
2.561000
2.011799
2.011799
1.573507
1.015413
1.015413
1.015413
2.036139
0.833934
0.598846
0.598846
0.985506
0.985506
0.593522
0.426367
0.957029
0.736554
0.274422
0.274422
0.274422
0.299532
0.299532
0.299532
0.299532
0.299532
0.299532
0.299532
0.299532
0.299532
0.299532
0.299532
0.489857
0.489857
0.489857
0.489857
0.489857
0.842701
0.622088
0.622088
0.622088
0.622088
0.622088
0.622088
0.622088
0.622088
0.940490
0.668789
0.668789
0.668789
1.556285
1.556285
1.556285
1.556285
1.556285
2.400283
1.833064
1.459085
0.952987
0.952987
0.481751
0.481751
1.401094
1.401094
1.401094
1.056374
0.784987
1.095274
1.805968
1.805968
1.744375
1.744375
1.744375
1.744375
1.868807
1.302492
2.195239
2.627365
2.559661
2.123453
1.326045
1.326045
0.948059
0.628495
1.294036
1.294036
1.294036
1.294036
0.757848
0.791948
0.967692
0.967692
0.967692
1.334279
2.535119
1.977395
1.924254
1.705561
1.705561
1.704134
2.051672
2.051672
2.051672
2.411380
2.054689
1.861155
2.229171
2.229171
2.229171
1.958772
1.787952
1.787952
1.787952
1.787952
1.845856
2.109499
2.109499
1.391186
1.391186
1.391186
1.391186
1.437752
1.437752
0.654660
0.654660
0.654660
0.349250
1.053057
1.627584
1.097673
1.152050
1.152050
1.060491
1.060491
1.060491
0.997460
0.997460
1.133221
1.271698
1.271698
1.075601
1.075601
1.075601
0.355017
1.318487
1.318487
1.318487
0.362994
0.362994
0.362994
0.362994
0.989651
0.288050
0.288050
0.288050
0.288050
0.288050
0.288050
0.288050
0.288050
1.877090
1.877090
1.877090
1.877090
1.508224
1.590565
1.909088
1.909088
1.860587
1.698929
1.698929
1.698929
2.270793
2.270793
1.944143
1.037593
1.181003
1.181003
1.257807
0.569209
0.569209
1.330217
1.018475
1.723794
1.723794
1.920656
1.920656
1.920656
1.973766
1.890973
2.240828
2.248335
2.960519
1.794862
2.234000
2.234000
2.234000
2.234000
2.234000
2.004609
2.004609
2.004609
1.601886
1.601886
1.601886
1.601886
1.601886
1.601886
2.278716
3.160514
2.177956
2.242763
2.318303
2.318303
2.318303
2.318303
1.564378
1.564378
1.371828
1.323986
1.207706
1.207706
1.207706
1.207706
1.335017
1.335017
1.335017
1.384837
1.384837
0.744478
0.804821
0.804821
0.804821
1.790694
2.764532
2.764532
1.902671
0.847424
0.847424
0.680736
0.884686
0.884686
0.908668
0.908668
0.908668
0.908668
0.908668
1.744237
1.744237
1.748660
1.748660
1.720294
1.417951
0.810398
0.810398
0.921961
0.921961
2.335202
2.505158
2.505158
2.505158
2.505158
2.402392
2.402392
2.030262
1.881218
0.848131
0.848131
0.783682
0.783682
0.783682
0.783682
0.783682
0.783682
0.783682
0.640849
0.640849
0.640849
0.640849
0.766641
1.706244
1.482124
1.482124
1.482124
2.030914
2.030914
2.030914
2.030914
2.030914
2.030914
2.030914
2.336718
2.336718
1.046220
1.046220
1.236559
1.358404
1.565811
0.851725
0.851725
1.305644
1.305644
1.305644
1.362021
1.362021
1.612070
2.343223
2.346732
2.346732
2.437048
3.579813
3.561635
2.881137
2.852909
2.492892
2.492892
2.492892
2.794724
2.794724
2.703832
2.749889
2.749889
2.749889
3.105843
2.136209
1.456395
1.456395
2.479071
1.501730
1.154009
1.154009
1.154009
0.790186
0.790186
0.790186
0.790186
0.790186
0.790186
0.790186
0.790186
1.471935
1.452522
1.452522
1.452522
1.715505
1.715505
2.194214
2.194214
2.077774
1.726814
1.657435
1.657435
1.474917
1.474917
0.966198
0.854144
0.945288
0.761332
0.984160
1.066300
0.680835
0.680835
0.969150
1.479865
1.646834
1.357607
1.357607
1.357607
1.357607
1.357607
1.432180
0.839546
0.839546
0.767663
0.767663
2.043982
1.626690
1.626690
1.626690
2.543765
2.368719
2.368719
2.085620
1.787783
1.063751
1.063751
1.063751
1.063751
1.324739
1.324739
1.545915
1.545915
1.516395
1.516395
1.736036
1.358984
1.342234
1.342234
1.342234
1.205354
1.205354
1.237581
1.237581
1.237581
1.237581
1.237581
1.237581
0.936788
0.936788
1.034833
1.062049
1.062049
1.062049
1.062049
0.924460
0.866676
0.817571
0.836688
0.836688
0.836688
0.836688
0.836688
0.836688
0.836688
0.770430
0.770430
0.770430
0.522463
0.522463
0.522463
0.855125
0.855125
0.855125
1.060295
1.060295
1.060295
1.060295
1.060295
1.060295
1.060295
1.342493
1.342493
1.535013
1.535013
0.644510
0.644510
0.644510
0.644510
0.644510
0.644510
0.644510
0.644510
0.644510
0.258940
0.258940
0.258940
0.258940
0.258940
0.258940
1.047775
1.047188
1.221172
1.221172
0.713820
0.638534
1.175968
1.781085
0.854542
0.854542
0.854542
0.946857
0.946857
0.880479
0.504031
0.890644
0.890644
0.328602
0.328602
0.265362
0.265362
0.560798
0.560798
0.560798
0.560798
0.560798
0.560798
0.358326
0.358326
0.358326
0.742871
0.816895
0.816895
0.168054
0.168054
0.168054
0.168054
0.168054
0.168054
0.975984
1.149899
0.728568
0.728568
0.728568
0.728568
0.851535
0.995896
0.995896
0.995896
1.131552
1.131552
1.627969
1.627969
1.627969
1.627969
1.290165
1.290165
1.230218
1.893979
1.456739
1.518717
1.518717
1.518717
1.518717
1.441327
1.116110
1.116110
1.116110
1.116110
0.455834
0.455834
1.651009
1.651009
1.287970
1.287970
1.136927
0.912910
0.912910
0.912910
0.912910
0.912910
0.646482
0.646482
0.646482
0.646482
0.646482
0.696627
0.696627
1.996090
3.144268
3.268758
2.766375
2.382654
2.382654
2.382654
1.601692
1.601692
1.189596
1.315187
1.315187
1.770279
1.547362
1.461719
1.258376
1.258376
1.258376
1.353252
1.353252
1.578036
1.578036
1.578036
1.857798
2.130816
1.642535
1.642535
1.642535
2.968858
2.968858
2.968858
2.471989
2.498001
2.657253
2.657253
2.436420
2.472471
2.472471
2.472471
2.936811
2.936811
2.936811
2.928723
3.220357
3.224484
3.603175
3.050514
3.115477
2.819499
2.554263
2.622975
2.767887
2.767887
1.883947
1.883947
1.883947
1.449764
1.449764
1.449764
2.485800
2.485800
1.377121
1.377121
1.377121
1.884153
1.184066
1.895916
1.895916
1.895916
1.740929
1.740929
2.258513
2.258513
2.258513
2.258513
1.324986
1.706394
1.738690
1.518030
1.518030
1.302309
1.198292
1.198292
1.786747
1.830376
1.730378
1.730378
1.730378
1.317889
1.666665
1.666665
2.499439
2.445941
2.445941
2.445941
2.508241
1.939934
1.939934
1.634249
2.053726
2.111505
1.899119
1.899119
1.770717
2.100069
1.668622
1.637917
1.637917
1.637917
0.968140
0.958140
0.958140
0.958140
0.958140
0.958140
0.958140
1.538441
1.538441
1.138169
1.408214
1.408214
0.978870
0.978870
0.583366
1.524499
0.618242
1.256911
1.910752
0.824911
0.824911
0.824911
1.948115
1.052124
1.052124
1.052124
1.052124
0.661387
0.661387
0.942290
0.942290
0.942290
1.240507
1.240507
1.079182
1.079182
1.586137
1.586137
1.586137
1.646611
0.515770
0.515770
0.963391
0.963391
1.094270
1.094270
1.094270
1.094270
1.094270
1.969244
1.969244
2.000059
2.192922
2.277560
1.590065
1.590065
1.590065
1.590065
1.590065
0.523420
0.523420
0.523420
0.523420
0.523420
1.357103
1.357103
1.357103
1.357103
1.156753
0.975791
0.975791
0.691193
0.962463
0.694356
0.694356
1.943026
3.133332
2.976837
2.462824
2.462824
1.654701
1.633225
1.633225
1.633225
2.566224
2.733959
3.593416
3.593416
3.748188
3.748188
3.732188
2.942737
2.734510
1.961397
1.961397
1.961397
1.961397
1.961397
1.961397
1.961397
1.961397
1.928423
1.421761
1.421761
1.255627
1.255627
1.255627
0.793374
0.545874
0.545874
0.545874
1.296446
1.166750
1.166750
1.166750
1.166750
1.166750
1.166750
0.916199
0.929248
0.670171
1.352797
1.352797
1.045417
1.050540
1.050540
1.050540
0.957446
0.957446
1.256532
1.256532
1.256532
1.265561
1.265561
0.980228
0.650365
0.650365
0.650365
0.650365
0.543491
0.543491
0.186914
0.186914
0.186914
0.186914
0.186914
1.099348
1.099348
0.515130
0.515130
1.626283
1.346134
0.967550
1.727733
1.727733
1.426834
1.264820
1.751126
1.138554
1.243442
1.243442
1.243442
1.440217
1.381946
1.234683
0.398358
0.398358
0.398358
0.398358
0.398358
0.629573
0.862958
0.862958
0.820722
0.825273
1.195514
1.813665
1.756343
1.756343
1.756343
1.756343
1.756343
1.756343
1.756343
1.673113
1.798283
1.798283
1.798665
1.353634
1.353634
1.486842
1.486842
0.789772
0.789772
0.789772
0.789772
0.789772
0.455890
0.455890
0.550923
0.550923
0.550923
0.550923
0.571664
0.571664
0.571664
0.995527
0.271052
0.271052
0.234422
0.234422
0.234422
0.799308
0.766471
0.766471
0.766471
0.766471
1.628724
1.727732
1.787275
1.787275
2.179699
2.172991
1.815766
1.815766
0.831195
0.831195
0.814349
0.814349
0.796126
0.796126
0.796126
1.536720
1.536720
1.536720
0.891267
0.929311
0.929311
0.929311
0.929311
0.532455
0.698319
0.698319
0.698319
0.698319
0.698319
0.698319
0.698319
1.073678
1.073678
1.073678
1.073678
1.916621
1.916621
2.337690
2.337690
3.266806
3.099340
3.040095
3.040095
3.782764
4.199948
3.637208
3.637208
3.637208
3.637208
3.515365
3.515365
3.440776
2.491936
2.224160
2.224160
2.333911
2.842129
2.625917
1.948893
2.300682
0.835515
0.835515
1.386878
1.386878
1.386878
1.256178
0.555104
0.555104
0.555104
0.555104
0.555104
0.555104
0.919468
1.077895
1.077895
1.082162
1.082162
1.082162
1.264317
0.341006
1.221769
1.221769
1.221769
1.221769
1.137301
1.101998
1.101998
0.829043
0.829043
0.764461
0.764461
0.764461
0.764461
1.656748
1.656748
1.656748
1.133317
1.830601
1.452961
1.302048
1.302048
0.862812
1.043489
1.168977
1.319988
1.319988
1.319988
0.943134
1.251414
1.251414
1.780382
1.241675
1.930976
1.930976
1.618862
1.634493
1.634493
1.508496
1.311186
1.327192
0.645133
0.808768
1.127252
1.127252
1.041815
1.041815
1.041815
1.041815
1.041815
0.623665
0.623665
0.623665
0.623665
1.792215
1.109429
1.109429
1.109429
1.109429
1.109429
1.109429
1.393518
1.314469
1.314469
1.197321
1.790473
0.923398
1.025970
0.476509
1.511940
0.429439
0.429439
0.971398
1.037914
1.037914
1.761449
2.249468
1.878537
2.067344
2.020134
2.314323
2.314323
2.314323
2.097035
2.258455
1.474773
1.482015
0.764801
0.764801
0.764801
0.978367
0.978367
0.978367
1.311330
1.311330
0.656316
0.656316
0.656316
0.953299
0.953299
0.953299
0.864689
0.646773
0.646773
0.646773
1.220248
1.220248
0.910088
0.910088
1.046770
1.046770
1.241147
0.938545
0.976455
1.036219
1.036219
1.859025
1.224868
1.249778
1.249778
1.249778
1.249778
1.249778
1.206038
1.206038
1.060875
1.060875
0.850525
0.850525
0.938431
0.938431
0.938431
0.938431
0.938431
0.836340
0.836340
0.836340
0.836340
0.836340
0.836340
1.923000
1.923000
1.923000
0.836678
0.926572
0.926572
1.521034
1.521034
1.556171
1.556171
2.322843
1.809251
1.198844
1.346308
1.346308
1.346308
1.346308
1.000191
1.000191
1.383881
1.383881
2.472647
2.599020
2.599020
2.599020
3.281559
2.545402
2.545402
2.545402
1.243657
1.243657
1.243657
1.243657
1.243657
1.243657
1.201839
1.265833
1.265833
1.353418
1.353418
2.729794
2.557597
3.371565
2.960470
4.269543
4.269543
4.179533
3.795736
3.972544
4.561986
4.785863
5.164946
4.899943
5.539607
5.136178
5.017993
4.841731
4.397639
4.352241
3.467568
3.245679
2.216618
2.437775
2.437775
2.961294
2.050154
2.050154
2.050154
2.050154
2.050154
1.911814
1.893771
1.678887
0.789182
0.861104
0.861104
0.823492
1.380873
1.566256
1.671390
1.184572
2.064027
1.866928
1.758739
1.997217
1.997217
0.818986
0.818986
0.818986
1.056307
1.824305
1.824305
1.824305
1.499250
1.499250
1.499250
1.499250
2.099485
3.337913
3.337913
3.337913
3.024522
3.024522
3.168179
3.168179
3.168179
2.893415
2.893415
1.477041
1.477041
1.012629
1.012629
0.303224
0.303224
0.303224
0.303224
1.890883
1.077290
1.077290
1.613343
0.947039
0.947039
0.970727
0.882848
0.882848
0.882848
0.882848
1.383957
0.470617
0.470617
1.265259
1.265259
1.408579
0.946063
0.763407
1.070903
1.070903
1.017163
1.261205
1.774579
2.551930
2.196998
0.913597
0.818213
0.828997
0.828997
0.828997
0.828997
0.828997
1.836051
1.836051
2.857272
2.722988
1.500878
1.500878
1.276920
1.293764
1.293764
1.233224
1.339274
1.339274
0.956569
1.195341
1.195341
1.195341
1.195341
1.195341
1.195341
1.195341
1.195341
1.195341
1.833176
1.310677
1.310677
1.223985
1.223985
1.223985
1.223985
0.853218
0.486733
0.486733
0.928793
0.928793
1.282988
1.282988
1.937527
1.306295
1.306295
1.306295
0.697577
1.966614
2.045345
2.045345
1.727516
1.727516
1.727516
1.532842
1.384125
1.068522
1.235783
1.235783
1.235783
1.235783
0.388195
0.388195
0.388195
0.388195
0.388195
0.337833
0.337833
0.337833
0.337833
0.337833
0.337833
0.337833
0.337833
0.337833
0.440797
0.440797
0.440797
0.741139
1.193439
1.237593
1.322692
1.322692
1.029360
1.194585
1.194585
1.194585
1.194585
1.035632
0.793854
0.793854
0.793854
0.793854
0.793854
0.670264
0.670264
0.670264
1.186630
1.186630
1.186630
1.702552
1.008326
1.008326
1.008326
1.693836
1.235676
1.235676
1.235676
1.125091
2.214863
2.195974
1.824404
1.703428
1.693953
1.693953
1.744677
1.724227
2.378079
2.378079
2.378079
2.762459
2.762459
2.517962
2.622593
1.902937
1.902937
1.638952
1.638952
1.069033
1.152108
1.152108
1.152108
1.152108
1.047642
0.722499
0.722499
0.722499
1.350181
1.350181
1.724941
1.668796
1.132012
1.132012
1.020693
1.020693
1.020693
1.611291
1.611291
1.611291
1.611291
2.008496
1.830001
1.646383
1.646383
1.646383
1.646383
1.646383
1.946079
1.448540
1.448540
0.992480
0.992480
0.992480
0.847746
0.776876
1.451236
2.316220
2.316220
2.316220
2.784344
2.784344
1.648950
1.072605
1.072605
0.820631
0.820631
1.350758
1.140238
1.552182
1.004405
0.346102
1.288894
1.288894
0.964427
0.964427
0.964427
0.964427
0.964427
0.750462
0.750462
0.750462
0.750462
0.782188
1.560304
1.560304
1.560304
1.530786
1.530786
1.530786
1.530786
2.475556
2.475556
1.635446
1.851888
1.851888
1.922976
2.242269
2.242269
1.090486
1.080379
1.095924
1.095924
0.811709
0.811709
0.811709
0.839955
0.558340
0.558340
0.558340
0.962158
1.888953
1.888953
2.963736
2.204036
2.846979
2.358420
2.371296
2.371296
2.116758
2.050348
2.160451
1.903665
1.754132
1.645889
1.645889
1.645889
2.187365
1.278612
1.278612
0.673638
0.673638
0.673638
0.673638
0.673638
0.673638
1.038760
1.038760
1.446621
1.446621
1.767337
1.767337
2.204563
2.831734
2.831734
2.831734
2.941477
2.941477
2.783603
2.656840
1.873516
2.433297
1.696819
1.696819
1.008410
1.205478
1.205478
1.205478
1.205478
1.018953
1.018953
1.018953
1.579052
2.811652
2.400070
3.552885
3.228266
2.005845
1.202197
1.202197
0.641523
0.641523
0.641523
0.641523
0.641523
0.641523
0.560128
0.780923
1.516832
1.516832
1.334117
1.334117
1.334117
2.089217
1.366981
1.366981
1.352907
1.352907
1.352907
2.300843
2.300843
2.351072
1.877853
1.745535
1.745535
1.969634
1.101218
1.101218
0.677888
0.677888
0.677888
0.677888
0.742781
0.742781
0.742781
0.742781
0.742781
0.742781
0.742781
0.632320
0.471651
0.471651
0.471651
0.471651
0.471651
0.747867
1.353909
1.629698
1.840574
1.405996
1.405996
1.540086
0.441390
0.441390
0.441390
0.441390
0.441390
0.507932
0.507932
0.507932
0.507932
0.507932
1.147149
1.290531
1.702817
1.046499
1.046499
1.340601
1.340601
1.357992
1.523814
1.523814
1.720251
1.720251
1.044952
1.730710
1.998280
1.003195
0.481306
0.481306
0.481306
0.481306
0.481306
0.481306
0.481306
0.481306
0.481306
0.481306
0.481306
0.481306
0.481306
0.481306
0.481306
0.481306
0.944387
1.012659
1.012659
1.012659
1.012659
1.598334
1.337933
1.337933
1.337933
1.337933
0.726139
0.726139
0.726139
0.726139
1.778040
1.778040
1.778040
1.857609
1.857609
1.857609
2.019048
2.019048
2.019048
2.019048
2.821685
2.821685
2.027125
2.027125
1.155389
1.155389
1.155389
0.857396
0.857396
0.857396
0.857396
0.857396
0.857396
0.444270
0.444270
0.674258
0.717403
0.717403
0.873961
0.873961
0.873961
1.006111
1.006111
1.357348
1.081270
1.150867
1.150867
1.150867
0.442913
0.442913
0.442913
1.041164
1.211707
1.211707
0.770456
0.770456
1.015745
1.015745
1.015745
0.926196
0.926196
0.926196
0.926196
0.926196
0.997072
0.997072
0.997072
0.997072
0.997072
0.971642
0.971642
1.953841
2.654994
2.654994
2.654994
2.654994
2.052091
2.776227
2.248392
1.697650
0.986635
0.986635
0.986635
0.986635
0.986635
0.986635
1.478129
0.894143
0.189103
0.189103
0.189103
0.189103
0.189103
1.060761
0.929337
0.929337
0.638724
0.638724
0.559054
0.559054
0.559054
0.905248
0.868947
0.827763
0.353244
0.353244
0.353244
0.353244
0.353244
1.173698
1.792176
2.081128
2.081128
1.601462
1.190472
1.190472
0.603731
0.603731
0.968375
0.968375
0.968375
0.971312
0.574039
0.574039
0.574039
0.574039
0.574039
0.574039
0.574039
0.574039
0.966681
2.176843
1.303559
1.684038
1.684038
1.684038
1.928350
2.066372
2.066372
1.987642
1.987642
2.586973
1.930851
1.958555
1.958555
1.389822
1.101893
0.748412
0.748412
0.748412
0.748412
1.094571
1.277099
1.277099
1.277099
1.702802
1.702802
1.702802
1.992144
1.992144
1.992144
1.650248
1.650248
1.650248
1.650248
1.650248
1.607738
1.607738
1.646800
0.553992
0.553992
1.112671
1.214544
1.214544
1.214544
1.515363
1.479713
1.479713
2.900062
2.760702
2.804744
2.937470
2.937470
3.270048
4.428186
4.170227
4.152963
4.463926
3.957629
3.602165
3.602165
3.602165
3.424418
3.432626
2.878852
2.038243
1.082409
0.718504
0.900565
0.900565
0.900565
1.887651
1.887651
2.196932
2.196932
2.196932
1.983362
1.983362
2.187179
1.270704
1.270704
1.270704
1.270704
1.015261
1.015261
1.015261
1.015261
1.015261
1.015261
1.015261
1.015261
0.684072
0.684072
0.684072
1.945806
1.867792
1.867792
1.510358
2.705417
2.705417
2.705417
2.962451
2.246000
2.482117
2.482117
1.841930
1.045841
0.658942
0.658942
0.658942
0.658942
0.687601
0.687601
0.687601
0.687601
0.687601
0.490710
0.490710
0.490710
1.341550
1.341550
0.755811
1.411963
0.976433
0.976433
0.976433
0.976433
0.976433
1.819694
1.843984
3.067089
3.673271
4.540434
4.573283
4.018432
4.018432
4.018432
4.227951
4.227951
4.227951
2.785357
2.785357
2.791280
2.204660
2.204660
2.289614
2.289614
2.812107
2.322936
1.109511
1.458471
0.851837
0.851837
1.065312
1.065312
0.763496
0.763496
1.221660
1.221660
1.221660
1.359777
1.359777
1.673528
1.673528
1.673528
1.933326
1.933326
1.933326
1.104752
1.163963
1.163963
1.163963
1.163963
1.163963
1.163963
1.163963
1.163963
1.855710
1.212547
1.822253
0.646147
0.646147
1.041410
1.563786
1.563786
1.581429
1.581429
1.413643
1.413643
1.413643
2.177658
1.728819
1.728819
2.310467
2.310467
2.310467
2.310467
2.310467
2.785431
2.785431
3.462787
3.708148
3.195407
2.854097
2.035058
0.958203
0.958203
0.958203
1.224947
1.224947
1.319690
1.471884
1.865057
2.188398
2.188398
2.188398
2.518390
1.748351
1.748351
1.748351
1.607224
1.607224
1.838770
1.838770
1.276197
0.523407
0.523407
0.523407
0.523407
0.864390
0.864390
0.673301
0.810826
0.810826
0.810826
0.823405
0.627835
0.627835
0.627835
0.627835
0.301560
0.937900
0.747406
0.747406
1.057349
1.991178
1.991178
1.671416
1.671416
1.174718
1.174718
1.174718
1.174718
1.174718
1.174718
1.285811
1.285811
1.445981
1.445981
1.586137
1.474553
1.105391
1.105391
1.096479
1.096479
1.267543
1.781045
1.781045
1.781045
1.168440
1.168440
1.168440
1.205486
1.205486
1.205486
1.205486
1.787140
2.154905
2.154905
2.154905
2.325785
2.488862
2.488862
1.587925
2.052471
2.052471
2.052471
2.052471
2.052471
1.684299
0.685859
1.049828
0.841378
0.841378
0.841378
0.841378
0.841378
1.228567
1.228567
0.992141
0.992141
0.992141
0.992141
1.123757
1.123757
1.371089
1.371089
1.791559
1.791559
1.887050
1.887050
1.938836
2.010382
1.816143
1.816143
1.816143
1.452111
1.452111
0.744540
1.805504
1.447635
1.447635
1.421083
1.051770
1.051770
0.855257
0.855257
1.668022
1.668022
1.040222
1.040222
0.811387
0.811387
0.811387
1.551593
1.532736
1.532736
1.532736
1.532736
1.763555
1.399315
1.281930
1.330247
1.368802
2.207590
2.182112
2.056160
1.786554
1.898735
0.866144
0.866144
1.188935
1.188935
0.937334
0.937334
0.937334
1.212240
1.388650
1.388650
1.388650
1.276210
1.555814
1.555814
1.278089
1.167822
1.667325
1.109541
0.774535
0.774535
1.237275
1.237275
0.341651
0.341651
0.341651
0.317808
0.234478
0.234478
0.234478
0.234478
0.234478
0.234478
0.234478
0.234478
0.234478
0.234478
0.234478
1.189656
1.189656
1.280981
1.280981
1.681563
1.681563
1.681563
1.681563
2.199298
1.516261
1.516261
1.516261
1.561301
1.561301
1.599336
1.599336
2.744303
2.744303
2.832297
2.524290
2.281200
1.850587
1.850587
1.850587
1.850587
1.840458
1.705943
1.558568
1.558568
1.558568
1.558568
1.558568
1.558568
1.558568
1.558568
1.342118
1.342118
1.342118
0.609985
0.652525
0.652525
0.652525
1.291327
1.291327
1.000353
1.588302
2.190035
0.536410
0.536410
0.536410
0.536410
1.040189
1.080200
1.050759
1.508326
1.508326
1.508326
1.375342
1.375342
1.375342
1.418166
0.885754
0.941872
0.797600
0.797600
0.907021
0.907021
0.499108
0.499108
0.499108
0.499108
0.766594
0.766594
0.766594
0.766594
1.174387
1.174387
1.174387
0.910286
0.910286
0.910286
0.878351
1.980198
1.980198
1.270058
0.339869
1.472556
2.506870
2.750552
2.048205
1.729816
1.128521
1.128521
1.128521
1.715551
1.285442
1.483143
2.262931
2.639096
2.639096
2.639096
2.703985
3.106752
2.803067
2.803067
1.981605
3.014043
3.015179
2.125061
1.988850
1.404380
1.404380
1.404380
1.648249
1.648249
2.366572
2.366572
2.684886
2.684886
2.684886
2.684886
2.684886
2.684886
2.637493
2.637493
2.637493
2.637493
2.720243
2.720243
2.066987
2.066987
2.266166
2.238473
3.018327
3.018327
3.007064
2.958511
2.958511
1.873954
1.873954
1.576540
1.559393
1.559393
1.683943
1.683943
1.308074
0.915075
1.006438
1.006438
1.859027
1.943496
1.095932
1.114747
1.114747
1.114747
1.114747
1.613459
1.073434
1.136357
1.147129
1.147129
1.730325
1.730325
1.730325
1.730325
1.730325
1.730325
2.093402
1.076021
0.928781
0.928781
0.928781
1.044429
1.238160
1.238160
1.238160
1.362914
1.945610
1.945610
1.945610
1.457040
1.666593
1.666593
1.666593
1.112352
1.112352
0.910049
0.910049
0.910049
0.910049
0.910049
0.959766
0.959766
0.315837
0.315837
0.315837
0.315837
0.315837
0.315837
0.315837
1.335913
1.751239
2.305858
2.305858
2.305858
2.752599
2.412016
2.170013
2.170013
2.170013
1.991411
1.991411
1.902318
2.168512
2.201083
1.511985
1.865736
1.653685
1.405627
1.405627
1.405627
1.405627
1.405627
2.114417
2.163357
2.430508
1.910197
0.941309
0.941309
0.941309
1.340790
1.340790
1.340790
1.044334
1.044334
1.044334
1.021814
1.021814
0.981775
0.668243
2.271373
1.787796
1.787796
1.293021
0.828828
0.828828
0.828828
0.828828
0.828828
0.620457
0.620457
0.709743
1.044711
1.044711
1.146025
1.337627
1.337627
1.337627
1.337627
1.748169
2.142779
2.142779
2.065962
2.065962
2.372060
2.645053
3.238295
3.238295
3.238295
2.984118
2.984118
2.663350
2.557847
2.557847
2.137707
1.457387
1.457387
0.698706
0.698706
0.581570
0.581570
0.581570
1.502827
1.965531
1.965531
1.965531
2.486633
1.833994
1.100088
1.100088
1.090432
1.090432
1.090432
1.090432
1.734713
1.734713
1.185264
1.185264
1.185264
1.185264
0.623681
0.623681
0.623681
0.623681
0.623681
0.623681
1.194307
1.227647
0.894362
1.701561
1.701561
2.535357
2.456291
2.456291
1.473190
1.473190
1.188362
0.870120
0.870120
0.874468
0.874468
0.874468
0.874468
1.035243
1.035243
1.148773
1.656877
1.656877
1.656877
1.656877
1.656877
1.656877
0.569394
0.569394
1.566807
1.566807
1.566807
1.724837
2.370509
2.370509
2.189995
2.189995
2.189995
1.026624
0.894514
0.975965
0.975965
0.911314
0.534534
0.534534
0.534534
0.703200
0.703200
0.703200
0.824429
1.231698
0.580517
0.580517
0.580517
0.958196
0.958196
0.958196
0.958196
0.537565
0.537565
0.465728
0.465728
0.465728
0.465728
0.465728
0.465728
0.355054
0.355054
0.355054
0.355054
0.946749
0.946749
0.946749
1.682461
1.682461
1.682461
1.800350
0.700246
0.700246
0.700246
0.700246
0.790333
0.707199
1.131502
1.131502
1.131502
1.122411
1.122411
1.256762
1.410473
0.137057
0.137057
0.137057
0.137057
0.137057
0.137057
0.137057
0.137057
0.137057
0.137057
0.137057
0.137057
0.137057
0.137057
0.137057
0.137057
0.137057
0.137057
0.137057
0.137057
0.137057
0.137057
1.030631
1.104287
2.123699
2.123699
2.123699
2.123699
2.158424
2.158424
2.158424
1.958537
0.999426
0.999426
0.759262
1.206476
1.206476
1.206476
1.206476
1.158564
1.160318
1.160318
1.160318
1.160318
1.309385
1.516027
1.516027
1.883839
1.883839
1.226601
1.226601
1.226601
1.165038
1.165038
1.165038
0.817894
1.335703
1.060060
0.991734
0.931768
0.931768
0.600810
0.600810
0.600810
0.600810
0.600810
0.671512
0.671512
0.671512
0.847750
0.847750
0.847750
1.936004
1.936004
2.436465
2.726152
2.423678
2.423678
2.423678
2.423678
2.766474
2.968188
2.968188
2.567258
2.567258
2.567258
3.354644
3.389592
3.116804
3.116804
2.665881
2.665881
2.665881
2.665881
1.973312
1.174637
1.552245
1.552245
1.552245
1.552245
1.912335
1.737701
1.743332
1.533569
2.136938
2.136938
2.136938
2.136938
2.136938
2.136938
0.989166
1.172074
1.590277
1.590277
1.590277
1.590277
1.099193
1.099193
1.099193
1.099193
0.854964
0.854964
0.854964
1.155589
0.856346
0.856346
0.856346
0.856346
1.554248
1.554248
1.554248
1.554248
1.474109
1.474109
1.474109
1.856852
2.399792
2.512046
1.799111
1.799111
1.893273
1.893273
1.893273
2.968085
3.461744
4.206882
4.206882
4.206882
5.255598
5.255598
5.185827
4.494731
4.382572
4.382572
4.382572
3.813235
3.813235
3.388960
3.167564
3.167564
3.023245
2.785974
2.785974
2.620733
3.533330
3.690122
4.602169
4.051132
3.071513
3.097395
3.097395
3.097395
3.097395
3.583544
4.979753
4.086204
4.529084
4.350388
5.029124
5.029124
4.158450
4.158450
3.889692
4.112980
3.036097
3.036097
3.036097
3.354800
3.354800
3.354800
3.354800
1.958050
1.591410
1.591410
1.581534
1.581534
1.581534
1.244696
0.312297
0.312297
0.312297
0.312297
0.312297
0.859978
0.859978
1.097721
1.097721
1.097721
1.097721
1.234109
0.470049
1.093430
0.506999
0.506999
1.358162
1.358162
1.358162
1.057594
1.057594
1.057594
1.635752
1.635752
1.635752
1.635752
1.093567
1.093567
1.021145
1.021145
1.021145
1.021145
1.021145
1.021145
1.021145
1.491349
0.289819
1.010253
1.848449
1.921715
1.921715
1.921715
2.393965
2.798469
2.798469
3.362043
3.362043
2.663489
2.395715
2.395715
2.183734
2.041542
2.041542
1.987187
1.352760
1.352760
1.352760
1.353508
1.971768
1.572689
1.572689
2.157629
1.904547
1.904547
2.109329
2.109329
1.957317
2.683922
2.683922
2.683922
2.683922
1.468521
1.468521
0.917672
1.632846
1.632846
1.632846
2.137483
2.137483
2.589452
2.686175
3.190932
3.190932
2.882139
2.882139
3.373423
3.373423
4.250950
4.804493
4.804493
3.316068
3.316068
3.316068
3.316068
2.528527
1.436043
1.436043
0.596102
0.984044
0.984044
0.984044
1.481469
1.481469
1.481469
1.727827
1.727827
1.727827
1.727827
1.004987
1.004987
0.911591
0.911591
0.400456
0.400456
0.400456
0.400456
0.880067
0.982714
1.058503
1.058503
1.058503
0.962604
0.962604
0.962604
1.593335
1.593335
1.433340
1.586336
1.878874
1.878874
1.878874
1.878874
1.878874
1.953313
1.953313
2.069751
2.069751
1.454700
1.792636
0.893090
1.646479
1.761980
1.746988
1.965596
2.583557
3.159263
2.091507
2.091507
2.091507
2.006149
2.212004
2.212004
2.212004
2.212004
2.212004
1.449078
0.688453
0.688453
0.688453
0.688453
0.688453
0.688453
0.688453
0.484085
0.484085
0.484085
1.221139
1.221139
1.221139
1.221139
1.221139
0.913530
0.913530
2.214914
2.214914
1.781955
1.675348
2.578585
2.227395
2.227395
2.227395
2.227395
1.646062
1.646062
1.557136
1.557136
1.557136
1.842521
1.842521
1.286750
2.123298
2.123298
2.046281
2.046281
2.046281
2.046281
2.046281
2.046281
2.046281
1.903269
1.903269
1.682508
2.529357
2.624475
2.059248
2.059248
2.282038
1.495228
1.495228
1.359634
1.147351
0.860935
0.860935
0.756867
0.756867
0.756867
0.756867
0.756867
0.756867
0.756867
1.515126
1.669219
1.371152
1.174533
1.174533
0.742146
1.597955
0.475752
1.313580
1.313580
1.506986
1.506986
1.447901
2.416164
2.416164
2.416164
1.990012
1.990012
2.474081
2.474081
2.474081
2.515620
