1.468402
1.402765
1.507531
1.528110
1.495290
1.484593
1.489402
1.475031
1.567784
1.495448
1.574234
1.418924
1.413781
1.474239
1.464499
1.501718
1.512414
1.563915
1.501997
1.474988
1.454040
1.428850
1.505677
1.554079
1.516349
1.528575
1.443960
1.448736
1.481654
1.495577
1.439840
1.552032
1.529103
1.509877
1.498914
1.536787
1.523018
1.487239
1.500234
1.553267
1.451859
1.526777
1.466063
1.485743
1.439343
1.528786
1.487417
1.494123
1.487964
1.497834
1.489656
1.540777
1.487849
1.518283
1.489989
1.514296
1.549031
1.483567
1.554470
1.419007
1.448303
1.464581
1.487979
1.404973
1.557591
1.476516
1.456232
1.445450
1.479916
1.458369
1.606641
1.600204
1.515142
1.539861
1.434190
1.469404
1.464450
1.384432
1.513793
1.515971
1.490351
1.569788
1.472475
1.541409
1.502396
1.547967
1.535458
1.510673
1.491066
1.491269
1.502009
1.429830
1.497854
1.525177
1.573484
1.490345
1.468218
1.453566
1.577693
1.460629
