1.478573
1.475747
1.580346
1.458601
1.428107
1.417523
1.471811
1.477785
1.511590
1.422457
1.518257
1.533877
1.525917
1.493227
1.469898
1.554488
1.559525
1.509198
1.470601
1.490781
1.478606
1.477704
1.566039
1.443871
1.533826
1.504364
1.456696
1.573625
1.462221
1.475231
1.496231
1.439447
1.492911
1.505599
1.528759
1.546741
1.580947
1.512621
1.484132
1.524473
1.533042
1.412219
1.461100
1.518217
1.498563
1.503109
1.480097
1.475775
1.508146
1.543014
1.512865
1.551920
1.450896
1.552270
1.589952
1.459412
1.435016
1.507314
1.469249
1.507687
1.482673
1.484350
1.409991
1.563296
1.604579
1.459635
1.424621
1.483889
1.529182
1.520105
1.541816
1.437606
1.611268
1.469126
1.505994
1.414051
1.522349
1.496627
1.490304
1.506123
1.547032
1.496847
1.461970
1.558182
1.497385
1.479060
1.479602
1.451730
1.551379
1.474313
1.577298
1.540481
1.500968
1.494552
1.503157
1.568061
1.532588
1.549038
1.493016
1.555227
