1.888511
1.481503
1.290367
1.382375
1.421076
1.225341
1.260618
1.658252
1.974753
1.553968
1.556789
1.224586
1.670733
1.373290
1.633887
2.679267
1.214153
1.770637
1.289257
1.390595
1.600601
1.547613
1.189511
1.627296
1.417209
1.436984
1.649453
1.649506
1.382202
1.327413
1.635348
1.316466
1.543841
1.156571
1.322114
1.496585
1.464107
1.599371
1.282606
1.330855
1.769795
1.194430
1.297469
1.317003
2.106206
1.498245
1.450251
1.761457
1.753843
1.895242
1.144838
1.267059
1.302502
1.449932
1.500355
1.364075
1.193212
1.464694
1.695179
1.251625
1.536948
1.545700
1.315865
1.478232
1.488422
1.284209
1.365118
1.288553
1.467594
1.299217
1.729492
1.702477
1.938463
1.294340
1.715608
1.771848
1.504140
1.335973
1.330473
1.359383
1.513471
1.766443
1.590270
1.369556
1.445666
1.258709
2.008191
1.324874
1.495894
2.088882
1.323074
1.548811
1.328083
1.655027
1.745744
1.432235
1.508249
1.537763
1.609922
1.288897
