1.460957
1.510430
1.494288
1.459475
1.490043
1.453282
1.556335
1.512970
1.482504
1.430604
1.480528
1.428346
1.472297
1.507511
1.534966
1.482327
1.440910
1.385284
1.466028
1.480893
1.552414
1.461112
1.402965
1.501461
1.544806
1.455681
1.500743
1.537507
1.513888
1.490534
1.509076
1.505431
1.598766
1.581437
1.571989
1.570415
1.559582
1.551792
1.492156
1.441710
1.498102
1.470487
1.453209
1.551470
1.532156
1.547145
1.559340
1.479654
1.475008
1.445133
1.517278
1.545210
1.456992
1.495867
1.546908
1.502653
1.529839
1.409122
1.486725
1.569775
1.477326
1.533143
1.511596
1.497726
1.484849
1.492546
1.445032
1.478131
1.539101
1.497979
1.543469
1.435982
1.511436
1.587208
1.482051
1.471201
1.491205
1.458819
1.461586
1.561615
1.439971
1.519954
1.473794
1.588463
1.526253
1.487647
1.449370
1.525970
1.559913
1.520383
1.540452
1.463234
1.490839
1.489364
1.546757
1.508217
1.613366
1.507009
1.521752
1.539055
