0.0565842   -0.379106   0.364575
0.496798   0.456133   0.382662
0.174488   -0.150487   0.024258
0.073271   0.193725   0.0906758
0.254744   -0.210972   -0.47809
-0.316356   0.0774811   0.285691
-0.308033   -0.117498   -0.366013
-0.384562   -0.343769   -0.0700397
-0.168076   -0.373566   -0.01047
0.162719   0.189911   -0.360282
-0.0858556   0.339088   0.0649513
0.242905   0.448765   0.00546648
0.0804732   0.435852   0.383315
0.206635   -0.253408   -0.228363
0.188729   0.37709   -0.428474
-0.305149   -0.185284   0.287816
0.0486195   0.0354493   0.34322
0.00903475   -0.207793   -0.247238
-0.247811   0.217785   -0.0527623
-0.0702292   0.0607787   -0.474029
-0.102552   0.0470521   0.0647656
0.199252   0.257836   0.413939
0.339782   -0.399312   0.222865
-0.492844   0.0180903   -0.474309
-0.495965   0.00296097   -0.289636
0.104716   -0.080905   -0.349519
0.325586   0.283687   0.0747215
0.445707   -0.124086   0.00744096
-0.160556   0.379167   -0.144009
0.42078   -0.335265   0.386587
0.115013   0.322528   -0.0380291
-0.274036   0.437326   0.0263695
-0.205003   0.189379   0.419736
-0.125106   -0.19262   -0.44329
0.316302   0.0637268   -0.178796
-0.415843   0.0762837   0.0476049
0.410488   -0.110251   0.420556
-0.29352   0.130795   -0.347243
-0.00542553   0.264483   0.462805
-0.362904   -0.257963   0.461325
-0.467981   0.363199   -0.328279
0.419122   -0.214603   0.207376
0.130629   -0.435646   -0.376092
0.453019   0.262687   0.213439
0.289207   0.309356   -0.171412
-0.455529   -0.452638   -0.448856
0.194174   0.0768287   0.485593
-0.270738   0.348908   -0.394399
-0.461622   0.313955   0.0407336
0.383786   0.153604   0.445379
0.451164   -0.189313   -0.374987
0.0662057   -0.421816   0.0508301
0.309709   0.43109   0.327181
0.427815   0.443518   -0.129835
0.0664195   -0.0928606   0.199559
-0.134105   -0.281824   0.35671
0.0338748   0.256531   0.2785
0.15975   -0.233032   0.292955
0.474661   -0.331067   0.0459898
-0.0463883   0.209516   -0.0908289
0.0214767   0.350441   -0.236625
-0.135626   -0.0502253   0.256827
0.207095   -0.456756   -0.187094
-0.260817   -0.0274633   0.478229
0.495807   0.00593845   0.28079
-0.124828   0.147621   0.231925
-0.133768   -0.153722   -0.114382
-0.216948   -0.145905   0.071229
0.0644498   -0.0499318   -0.100902
0.314272   0.0161597   -0.386265
-0.113741   0.475974   0.462664
0.441525   -0.288582   -0.16815
-0.266262   0.264906   0.163118
0.323224   -0.128724   -0.166871
0.228042   -0.352901   0.00217014
-0.0113579   -0.224891   0.0246244
0.0850234   -0.111461   0.437726
0.204251   0.130643   -0.0435198
-0.39906   -0.144274   0.135537
0.230467   -0.448609   0.446451
-0.0811931   -0.405335   0.203612
-0.249789   0.357987   0.357443
0.215758   0.127091   0.228022
0.449342   0.481078   0.107134
0.0652228   0.104884   -0.212082
0.401642   0.33529   -0.485819
0.00156885   -0.409471   -0.162964
-0.102236   0.398027   0.247697
0.481596   0.196925   -0.10887
-0.327093   0.499279   0.253792
-0.241356   -0.393464   -0.481731
-0.420233   0.233646   0.379008
-0.378511   0.0480141   -0.154198
-0.367455   0.369857   -0.154277
0.272444   -0.0898434   0.202898
0.340501   -0.407719   -0.372832
-0.339878   -0.16178   -0.102659
-0.381988   -0.281846   -0.310085
0.362991   0.0873151   0.0969515
-0.375757   -0.348746   0.152132
-0.181336   -0.297011   -0.295248
0.401397   0.210211   -0.323594
0.138056   0.432774   0.190357
-0.0839085   0.244777   -0.325147
-0.152699   -0.00263335   -0.301795
-0.279906   -0.471603   -0.269516
0.0712512   -0.269351   -0.486145
-0.0676403   -0.496071   -0.34988
