1	-5.479294	-5.479294	0.000000	1.311415	1.311415	0.000000
2	-5.466875	-5.473085	0.006209	1.350404	1.330909	0.019494
3	-5.472515	-5.472895	0.003590	1.359549	1.340456	0.014759
4	-5.454261	-5.468236	0.005305	1.450785	1.368038	0.029491
5	-5.458085	-5.466206	0.004584	1.453419	1.385114	0.028520
6	-5.457391	-5.464737	0.004020	1.419000	1.390762	0.023962
7	-5.470341	-5.465537	0.003491	1.368090	1.387523	0.020509
8	-5.490729	-5.468686	0.004365	1.266291	1.372369	0.023347
9	-5.456805	-5.467366	0.004070	1.424059	1.378113	0.021377
10	-5.455352	-5.466165	0.003833	1.450631	1.385364	0.020449
11	-5.447076	-5.464429	0.003877	1.474247	1.393445	0.020185
12	-5.459015	-5.463978	0.003568	1.417664	1.395463	0.018536
13	-5.478235	-5.465075	0.003461	1.313854	1.389185	0.018170
14	-5.444081	-5.463575	0.003537	1.502344	1.397268	0.018663
15	-5.477471	-5.464502	0.003421	1.332690	1.392963	0.017900
16	-5.472346	-5.464992	0.003237	1.355466	1.390619	0.016907
17	-5.461900	-5.464810	0.003046	1.399853	1.391162	0.015891
18	-5.463818	-5.464755	0.002873	1.394236	1.391333	0.014983
19	-5.442887	-5.463604	0.002951	1.489457	1.396498	0.015084
20	-5.451181	-5.462983	0.002868	1.477965	1.400571	0.014878
21	-5.452544	-5.462486	0.002773	1.500379	1.405324	0.014929
22	-5.449504	-5.461896	0.002709	1.485814	1.408982	0.014697
23	-5.441965	-5.461029	0.002729	1.507244	1.413255	0.014679
24	-5.454557	-5.460759	0.002627	1.440429	1.414387	0.014099
25	-5.463969	-5.460888	0.002523	1.406888	1.414087	0.013527
26	-5.477267	-5.461518	0.002505	1.333783	1.410998	0.013358
27	-5.463142	-5.461578	0.002411	1.427243	1.411600	0.012868
28	-5.472833	-5.461980	0.002358	1.338612	1.408993	0.012671
29	-5.440849	-5.461251	0.002389	1.485205	1.411621	0.012505
30	-5.485686	-5.462066	0.002447	1.303374	1.408013	0.012609
31	-5.463188	-5.462102	0.002367	1.384403	1.407251	0.012219
32	-5.482269	-5.462732	0.002377	1.308677	1.404171	0.012225
33	-5.458818	-5.462614	0.002307	1.405185	1.404202	0.011849
34	-5.446710	-5.462146	0.002287	1.490433	1.406738	0.011772
35	-5.456151	-5.461975	0.002227	1.449337	1.407955	0.011495
36	-5.461335	-5.461957	0.002164	1.407359	1.407938	0.011171
37	-5.471662	-5.462219	0.002121	1.378033	1.407130	0.010895
38	-5.471943	-5.462475	0.002080	1.388917	1.406651	0.010615
39	-5.475070	-5.462798	0.002052	1.364211	1.405563	0.010397
40	-5.461914	-5.462776	0.002000	1.377994	1.404874	0.010157
41	-5.454993	-5.462586	0.001960	1.444746	1.405846	0.009954
42	-5.463226	-5.462601	0.001913	1.402753	1.405772	0.009714
43	-5.460694	-5.462557	0.001868	1.408148	1.405828	0.009486
44	-5.465630	-5.462627	0.001827	1.386899	1.405397	0.009278
45	-5.441705	-5.462162	0.001845	1.494512	1.407378	0.009283
46	-5.469409	-5.462319	0.001811	1.351213	1.406157	0.009160
47	-5.456325	-5.462192	0.001777	1.430321	1.406671	0.008978
48	-5.469875	-5.462352	0.001747	1.371147	1.405931	0.008820
49	-5.478499	-5.462681	0.001742	1.330772	1.404397	0.008774
50	-5.467372	-5.462775	0.001710	1.363592	1.403581	0.008635
51	-5.487553	-5.463261	0.001745	1.293378	1.401420	0.008735
52	-5.460457	-5.463207	0.001712	1.396937	1.401334	0.008566
53	-5.453079	-5.463016	0.001690	1.466751	1.402568	0.008493
54	-5.479431	-5.463320	0.001686	1.318615	1.401013	0.008478
55	-5.451473	-5.463105	0.001669	1.460181	1.402089	0.008392
56	-5.437242	-5.462643	0.001703	1.530179	1.404377	0.008552
57	-5.486473	-5.463061	0.001724	1.266331	1.401955	0.008743
58	-5.474114	-5.463251	0.001705	1.338953	1.400868	0.008659
59	-5.430142	-5.462690	0.001767	1.546300	1.403333	0.008861
60	-5.461069	-5.462663	0.001738	1.413685	1.403506	0.008714
61	-5.459465	-5.462611	0.001710	1.413756	1.403674	0.008571
62	-5.480267	-5.462896	0.001706	1.285372	1.401766	0.008645
63	-5.469056	-5.462993	0.001681	1.346023	1.400881	0.008553
64	-5.484728	-5.463333	0.001689	1.291539	1.399173	0.008590
65	-5.474894	-5.463511	0.001673	1.352360	1.398452	0.008487
66	-5.445748	-5.463242	0.001669	1.486545	1.399787	0.008463
67	-5.448307	-5.463019	0.001659	1.462818	1.400728	0.008389
68	-5.462098	-5.463005	0.001634	1.420536	1.401019	0.008270
69	-5.475974	-5.463193	0.001622	1.346726	1.400232	0.008187
70	-5.475442	-5.463368	0.001608	1.351006	1.399529	0.008100
71	-5.443461	-5.463088	0.001610	1.509411	1.401077	0.008134
72	-5.498936	-5.463586	0.001663	1.202114	1.398313	0.008483
73	-5.477581	-5.463777	0.001652	1.294793	1.396895	0.008485
74	-5.470803	-5.463872	0.001632	1.381526	1.396688	0.008372
75	-5.470440	-5.463960	0.001612	1.347190	1.396028	0.008286
76	-5.468112	-5.464015	0.001592	1.415606	1.396285	0.008180
77	-5.477506	-5.464190	0.001581	1.348422	1.395664	0.008097
78	-5.468593	-5.464246	0.001561	1.370359	1.395339	0.007999
79	-5.477395	-5.464413	0.001551	1.317660	1.394356	0.007958
80	-5.457469	-5.464326	0.001533	1.414077	1.394602	0.007862
81	-5.457850	-5.464246	0.001517	1.430443	1.395045	0.007777
82	-5.451049	-5.464085	0.001507	1.446870	1.395677	0.007708
83	-5.456489	-5.463993	0.001491	1.424489	1.396024	0.007622
84	-5.449137	-5.463817	0.001484	1.482106	1.397049	0.007600
85	-5.453702	-5.463698	0.001471	1.444113	1.397603	0.007531
86	-5.472424	-5.463799	0.001457	1.342072	1.396957	0.007470
87	-5.472272	-5.463896	0.001444	1.344481	1.396354	0.007409
88	-5.473894	-5.464010	0.001432	1.330005	1.395600	0.007363
89	-5.471048	-5.464089	0.001418	1.350226	1.395090	0.007297
90	-5.462612	-5.464073	0.001402	1.398545	1.395128	0.007216
91	-5.476884	-5.464214	0.001394	1.329299	1.394405	0.007173
92	-5.476053	-5.464342	0.001385	1.350165	1.393924	0.007111
93	-5.474757	-5.464454	0.001374	1.351781	1.393471	0.007048
94	-5.448693	-5.464287	0.001370	1.480585	1.394398	0.007034
95	-5.481943	-5.464472	0.001368	1.298738	1.393391	0.007032
96	-5.487627	-5.464714	0.001375	1.272319	1.392130	0.007072
97	-5.460683	-5.464672	0.001361	1.404813	1.392260	0.007000
98	-5.463895	-5.464664	0.001347	1.397389	1.392313	0.006928
99	-5.466548	-5.464683	0.001334	1.411876	1.392510	0.006861
100	-5.478325	-5.464820	0.001327	1.292646	1.391512	0.006865
