1	-7.542528	-7.542528	0.000000	7.617612	7.617612	0.000000
2	-7.551539	-7.547034	0.004506	7.569278	7.593445	0.024167
3	-7.546403	-7.546823	0.002610	7.590726	7.592539	0.013982
4	-7.533405	-7.543469	0.003829	7.663399	7.610254	0.020287
5	-7.551937	-7.545162	0.003415	7.561058	7.600415	0.018541
6	-7.555138	-7.546825	0.003247	7.544140	7.591035	0.017808
7	-7.549419	-7.547196	0.002769	7.577146	7.589051	0.015181
8	-7.548432	-7.547350	0.002403	7.584079	7.588430	0.013162
9	-7.543364	-7.546907	0.002165	7.612407	7.591094	0.011909
10	-7.547314	-7.546948	0.001937	7.591469	7.591131	0.010652
11	-7.548171	-7.547059	0.001755	7.582871	7.590380	0.009664
12	-7.543341	-7.546749	0.001632	7.608100	7.591857	0.008945
13	-7.541796	-7.546368	0.001549	7.621216	7.594115	0.008533
14	-7.543772	-7.546183	0.001446	7.610723	7.595302	0.007988
15	-7.540431	-7.545799	0.001400	7.625635	7.597324	0.007707
16	-7.545863	-7.545803	0.001309	7.594533	7.597149	0.007211
17	-7.556287	-7.546420	0.001376	7.535742	7.593537	0.007677
18	-7.539047	-7.546010	0.001360	7.636984	7.595951	0.007629
19	-7.550052	-7.546223	0.001304	7.572197	7.594701	0.007324
20	-7.557622	-7.546793	0.001362	7.530973	7.591514	0.007644
21	-7.554877	-7.547178	0.001352	7.548564	7.589469	0.007553
22	-7.523101	-7.546084	0.001691	7.722964	7.595537	0.009417
23	-7.553218	-7.546394	0.001645	7.556748	7.593851	0.009155
24	-7.550970	-7.546584	0.001587	7.572048	7.592942	0.008812
25	-7.551883	-7.546796	0.001536	7.564773	7.591815	0.008527
26	-7.554482	-7.547092	0.001505	7.549689	7.590195	0.008351
27	-7.538812	-7.546785	0.001481	7.638897	7.591999	0.008236
28	-7.543969	-7.546685	0.001430	7.608082	7.592573	0.007957
29	-7.552835	-7.546897	0.001396	7.559091	7.591419	0.007764
30	-7.547130	-7.546905	0.001349	7.590483	7.591388	0.007501
31	-7.540092	-7.546685	0.001323	7.629203	7.592607	0.007357
32	-7.550208	-7.546795	0.001286	7.572366	7.591975	0.007151
33	-7.559039	-7.547166	0.001300	7.525486	7.589960	0.007218
34	-7.538129	-7.546900	0.001289	7.637575	7.591361	0.007141
35	-7.555037	-7.547133	0.001273	7.547148	7.590097	0.007048
36	-7.556139	-7.547383	0.001262	7.539153	7.588682	0.006994
37	-7.548721	-7.547419	0.001228	7.584984	7.588582	0.006804
38	-7.527725	-7.546901	0.001303	7.695115	7.591386	0.007191
39	-7.547173	-7.546908	0.001269	7.591587	7.591391	0.007004
40	-7.551139	-7.547013	0.001242	7.570921	7.590879	0.006846
41	-7.547362	-7.547022	0.001211	7.592148	7.590910	0.006677
42	-7.549871	-7.547090	0.001184	7.573597	7.590498	0.006529
43	-7.545382	-7.547050	0.001157	7.605404	7.590845	0.006385
44	-7.542855	-7.546955	0.001134	7.615741	7.591410	0.006264
45	-7.550856	-7.547041	0.001112	7.572930	7.591000	0.006137
46	-7.549519	-7.547095	0.001089	7.579533	7.590750	0.006007
47	-7.546215	-7.547077	0.001066	7.598920	7.590924	0.005880
48	-7.544102	-7.547015	0.001045	7.608567	7.591292	0.005768
49	-7.562708	-7.547335	0.001072	7.500251	7.589434	0.005947
50	-7.542578	-7.547240	0.001055	7.618963	7.590024	0.005857
51	-7.556985	-7.547431	0.001052	7.538947	7.589023	0.005827
52	-7.540071	-7.547289	0.001041	7.629577	7.589803	0.005767
53	-7.542578	-7.547200	0.001025	7.615671	7.590291	0.005678
54	-7.547594	-7.547208	0.001006	7.588474	7.590257	0.005572
55	-7.547856	-7.547219	0.000987	7.586230	7.590184	0.005471
56	-7.532725	-7.546961	0.001004	7.670517	7.591618	0.005560
57	-7.550485	-7.547022	0.000988	7.571031	7.591257	0.005474
58	-7.563061	-7.547299	0.001009	7.501833	7.589716	0.005595
59	-7.541646	-7.547203	0.000997	7.621005	7.590246	0.005525
60	-7.542737	-7.547129	0.000983	7.610336	7.590581	0.005442
61	-7.552734	-7.547221	0.000971	7.560385	7.590086	0.005375
62	-7.558380	-7.547401	0.000972	7.528318	7.589089	0.005381
63	-7.535008	-7.547204	0.000976	7.657166	7.590170	0.005404
64	-7.546366	-7.547191	0.000961	7.596767	7.590273	0.005320
65	-7.552740	-7.547276	0.000950	7.560252	7.589811	0.005258
66	-7.539126	-7.547153	0.000943	7.635739	7.590507	0.005224
67	-7.550599	-7.547204	0.000931	7.573830	7.590258	0.005151
68	-7.545100	-7.547173	0.000917	7.600338	7.590406	0.005077
69	-7.538828	-7.547052	0.000912	7.636424	7.591073	0.005047
70	-7.558831	-7.547220	0.000915	7.524531	7.590123	0.005065
71	-7.534486	-7.547041	0.000919	7.660372	7.591112	0.005090
72	-7.553548	-7.547131	0.000911	7.556084	7.590626	0.005042
73	-7.535712	-7.546975	0.000912	7.653985	7.591494	0.005048
74	-7.549107	-7.547004	0.000900	7.578498	7.591318	0.004982
75	-7.538476	-7.546890	0.000895	7.640263	7.591971	0.004959
76	-7.546818	-7.546889	0.000883	7.594217	7.592000	0.004893
77	-7.555222	-7.546997	0.000878	7.543212	7.591367	0.004871
78	-7.539698	-7.546904	0.000872	7.632473	7.591894	0.004836
79	-7.536214	-7.546769	0.000872	7.650757	7.592639	0.004833
80	-7.543999	-7.546734	0.000861	7.605054	7.592794	0.004774
81	-7.549338	-7.546766	0.000851	7.576940	7.592598	0.004719
82	-7.540680	-7.546692	0.000844	7.626004	7.593005	0.004679
83	-7.542797	-7.546645	0.000835	7.612064	7.593235	0.004628
84	-7.534831	-7.546504	0.000837	7.654884	7.593969	0.004631
85	-7.561028	-7.546675	0.000845	7.516495	7.593058	0.004666
86	-7.545574	-7.546662	0.000835	7.596472	7.593097	0.004612
87	-7.555735	-7.546767	0.000832	7.542258	7.592513	0.004596
88	-7.534819	-7.546631	0.000833	7.659067	7.593269	0.004606
89	-7.555372	-7.546729	0.000830	7.544466	7.592721	0.004587
90	-7.557916	-7.546853	0.000830	7.532817	7.592055	0.004584
91	-7.549992	-7.546888	0.000821	7.573275	7.591849	0.004538
92	-7.544505	-7.546862	0.000813	7.604519	7.591987	0.004490
93	-7.546296	-7.546856	0.000804	7.597365	7.592044	0.004442
94	-7.547851	-7.546866	0.000796	7.587033	7.591991	0.004395
95	-7.534322	-7.546734	0.000798	7.662668	7.592735	0.004412
96	-7.549244	-7.546761	0.000790	7.577364	7.592575	0.004369
97	-7.546393	-7.546757	0.000782	7.596866	7.592619	0.004323
98	-7.551821	-7.546808	0.000776	7.567687	7.592365	0.004287
99	-7.530424	-7.546643	0.000785	7.680960	7.593260	0.004337
100	-7.552489	-7.546701	0.000780	7.558974	7.592917	0.004307
