-0.454314
-0.457115
-0.452635
-0.440861
-0.436893
-0.451793
-0.445436
-0.433380
-0.452332
-0.436707
-0.444737
-0.446981
-0.453912
-0.450410
-0.453383
-0.445268
-0.461981
-0.440641
-0.441732
-0.446538
-0.445195
-0.438403
-0.448482
-0.440659
-0.439668
-0.440635
-0.444932
-0.438009
-0.453302
-0.442734
-0.455826
-0.429496
-0.451465
-0.440237
-0.435290
-0.439843
-0.451505
-0.420796
-0.461722
-0.447030
-0.447533
-0.444575
-0.442652
-0.448141
-0.447109
-0.434879
-0.433537
-0.458750
-0.448230
-0.463068
-0.447440
-0.458452
-0.441045
-0.435957
-0.438559
-0.433263
-0.452539
-0.439100
-0.433675
-0.433562
-0.446661
-0.444643
-0.454423
-0.440307
-0.434510
-0.448626
-0.464183
-0.435385
-0.455162
-0.443434
-0.438801
-0.448740
-0.431950
-0.424388
-0.448905
-0.432972
-0.433969
-0.453855
-0.450218
-0.444291
-0.452982
-0.446937
-0.440255
-0.441394
-0.450413
-0.444016
-0.445331
-0.450084
-0.446500
-0.440189
-0.441930
-0.454210
-0.441284
-0.440625
-0.443944
-0.453776
-0.446468
-0.452463
-0.442915
-0.460321
