1	-7.541034	-7.541034	0.000000	7.623736	7.623736	0.000000
2	-7.546775	-7.543904	0.002870	7.590717	7.607227	0.016510
3	-7.543275	-7.543695	0.001670	7.613548	7.609334	0.009762
4	-7.549290	-7.545094	0.001831	7.579543	7.601886	0.010155
5	-7.553567	-7.546788	0.002210	7.555248	7.592558	0.012201
6	-7.542298	-7.546040	0.001953	7.617596	7.596731	0.010801
7	-7.538919	-7.545023	0.001939	7.633834	7.602032	0.010556
8	-7.558800	-7.546745	0.002405	7.530102	7.593040	0.012822
9	-7.548950	-7.546990	0.002135	7.579346	7.591519	0.011410
10	-7.541641	-7.546455	0.001983	7.621108	7.594478	0.010626
11	-7.549747	-7.546754	0.001819	7.577142	7.592902	0.009740
12	-7.549607	-7.546992	0.001677	7.577887	7.591651	0.008979
13	-7.556844	-7.547750	0.001719	7.535475	7.587329	0.009321
14	-7.547801	-7.547753	0.001592	7.586993	7.587305	0.008630
15	-7.553728	-7.548152	0.001534	7.554689	7.585131	0.008323
16	-7.535524	-7.547363	0.001638	7.653280	7.589390	0.008874
17	-7.541636	-7.547026	0.001575	7.619463	7.591159	0.008522
18	-7.543879	-7.546851	0.001495	7.606973	7.592038	0.008082
19	-7.556757	-7.547372	0.001507	7.539470	7.589271	0.008130
20	-7.546777	-7.547343	0.001430	7.591620	7.589389	0.007714
21	-7.524150	-7.546238	0.001752	7.716145	7.595425	0.009501
22	-7.553856	-7.546584	0.001706	7.555163	7.593594	0.009242
23	-7.540823	-7.546334	0.001649	7.623455	7.594893	0.008926
24	-7.549203	-7.546453	0.001584	7.580877	7.594309	0.008566
25	-7.545247	-7.546405	0.001520	7.601444	7.594594	0.008221
26	-7.546946	-7.546426	0.001460	7.592747	7.594523	0.007899
27	-7.553987	-7.546706	0.001433	7.553686	7.593011	0.007750
28	-7.548279	-7.546762	0.001382	7.581306	7.592593	0.007479
29	-7.544876	-7.546697	0.001335	7.600779	7.592875	0.007222
30	-7.540889	-7.546504	0.001304	7.625933	7.593977	0.007064
31	-7.531168	-7.546009	0.001355	7.677902	7.596684	0.007349
32	-7.554174	-7.546264	0.001337	7.555118	7.595385	0.007233
33	-7.549026	-7.546348	0.001298	7.578980	7.594888	0.007028
34	-7.538757	-7.546124	0.001279	7.640719	7.596236	0.006951
35	-7.548098	-7.546181	0.001243	7.584921	7.595913	0.006757
36	-7.536849	-7.545922	0.001236	7.648001	7.597360	0.006724
37	-7.541795	-7.545810	0.001207	7.620688	7.597990	0.006570
38	-7.546111	-7.545818	0.001175	7.594386	7.597895	0.006395
39	-7.550612	-7.545941	0.001151	7.572059	7.597233	0.006264
40	-7.546303	-7.545950	0.001122	7.593970	7.597151	0.006106
41	-7.538190	-7.545761	0.001110	7.641283	7.598228	0.006052
42	-7.553144	-7.545936	0.001098	7.555285	7.597205	0.005994
43	-7.546109	-7.545940	0.001072	7.594180	7.597135	0.005853
44	-7.551142	-7.546059	0.001054	7.566684	7.596443	0.005761
45	-7.544111	-7.546015	0.001031	7.605736	7.596649	0.005635
46	-7.546670	-7.546030	0.001009	7.593679	7.596585	0.005511
47	-7.545222	-7.546012	0.000987	7.602948	7.596720	0.005395
48	-7.547156	-7.546036	0.000966	7.590069	7.596581	0.005283
49	-7.555553	-7.546231	0.000966	7.543762	7.595504	0.005285
50	-7.546427	-7.546234	0.000947	7.593850	7.595470	0.005178
51	-7.541234	-7.546136	0.000933	7.620371	7.595959	0.005099
52	-7.546832	-7.546150	0.000915	7.593520	7.595912	0.005000
53	-7.550063	-7.546224	0.000901	7.576300	7.595542	0.004919
54	-7.547343	-7.546244	0.000884	7.590597	7.595450	0.004828
55	-7.542814	-7.546182	0.000870	7.613068	7.595771	0.004750
56	-7.547329	-7.546202	0.000855	7.589533	7.595659	0.004666
57	-7.553798	-7.546336	0.000850	7.552199	7.594897	0.004646
58	-7.542299	-7.546266	0.000838	7.616735	7.595273	0.004581
59	-7.547132	-7.546281	0.000824	7.592678	7.595229	0.004503
60	-7.544193	-7.546246	0.000811	7.607501	7.595434	0.004432
61	-7.543034	-7.546193	0.000799	7.612510	7.595714	0.004368
62	-7.544282	-7.546163	0.000787	7.605060	7.595864	0.004299
63	-7.551949	-7.546254	0.000780	7.562274	7.595331	0.004264
64	-7.558182	-7.546441	0.000790	7.527158	7.594266	0.004330
65	-7.555077	-7.546574	0.000789	7.547332	7.593544	0.004323
66	-7.553843	-7.546684	0.000784	7.555936	7.592974	0.004295
67	-7.549237	-7.546722	0.000774	7.579132	7.592768	0.004236
68	-7.557620	-7.546882	0.000779	7.532361	7.591879	0.004267
69	-7.542472	-7.546818	0.000770	7.615884	7.592227	0.004219
70	-7.558655	-7.546987	0.000778	7.527985	7.591309	0.004258
71	-7.552267	-7.547062	0.000770	7.562062	7.590897	0.004218
72	-7.551346	-7.547121	0.000762	7.566963	7.590565	0.004172
73	-7.542934	-7.547064	0.000753	7.612348	7.590863	0.004125
74	-7.537968	-7.546941	0.000753	7.639462	7.591520	0.004122
75	-7.542591	-7.546883	0.000745	7.614827	7.591831	0.004078
76	-7.553829	-7.546974	0.000741	7.553689	7.591329	0.004056
77	-7.541428	-7.546902	0.000735	7.622229	7.591730	0.004023
78	-7.544839	-7.546876	0.000726	7.602377	7.591867	0.003973
79	-7.537945	-7.546763	0.000726	7.640009	7.592476	0.003969
80	-7.551835	-7.546826	0.000719	7.566374	7.592150	0.003933
81	-7.538992	-7.546729	0.000717	7.633228	7.592657	0.003917
82	-7.544108	-7.546698	0.000709	7.606996	7.592832	0.003873
83	-7.551598	-7.546757	0.000703	7.566179	7.592511	0.003840
84	-7.535943	-7.546628	0.000706	7.652838	7.593229	0.003861
85	-7.560894	-7.546796	0.000718	7.514650	7.592305	0.003926
86	-7.550425	-7.546838	0.000711	7.573536	7.592086	0.003886
87	-7.546168	-7.546830	0.000702	7.594686	7.592116	0.003841
88	-7.542846	-7.546785	0.000696	7.613671	7.592361	0.003805
89	-7.545899	-7.546775	0.000688	7.598100	7.592426	0.003763
90	-7.549654	-7.546807	0.000681	7.577636	7.592261	0.003724
91	-7.545416	-7.546792	0.000674	7.599466	7.592340	0.003684
92	-7.545593	-7.546779	0.000667	7.596203	7.592382	0.003644
93	-7.544947	-7.546759	0.000660	7.601005	7.592475	0.003606
94	-7.547474	-7.546767	0.000653	7.588922	7.592437	0.003567
95	-7.551270	-7.546814	0.000647	7.565449	7.592153	0.003541
96	-7.548871	-7.546835	0.000641	7.582355	7.592051	0.003505
97	-7.553103	-7.546900	0.000638	7.556993	7.591690	0.003488
98	-7.537174	-7.546801	0.000639	7.648613	7.592271	0.003501
99	-7.548116	-7.546814	0.000633	7.583759	7.592185	0.003466
100	-7.551578	-7.546862	0.000628	7.564057	7.591903	0.003443
