1	-0.416790	-0.416790	0.000000	0.048910	0.048910	0.000000
2	-0.415777	-0.416283	0.000507	0.048950	0.048930	0.000020
3	-0.412475	-0.415014	0.001303	0.049020	0.048960	0.000032
4	-0.412946	-0.414497	0.001056	0.048785	0.048916	0.000049
5	-0.413463	-0.414290	0.000844	0.048977	0.048928	0.000040
6	-0.419821	-0.415212	0.001151	0.048924	0.048928	0.000033
7	-0.408170	-0.414206	0.001399	0.049044	0.048944	0.000032
8	-0.416302	-0.414468	0.001240	0.049221	0.048979	0.000044
9	-0.413677	-0.414380	0.001097	0.048734	0.048952	0.000048
10	-0.410269	-0.413969	0.001064	0.049494	0.049006	0.000069
11	-0.415082	-0.414070	0.000968	0.049164	0.049020	0.000064
12	-0.416484	-0.414271	0.000906	0.048939	0.049013	0.000059
13	-0.408162	-0.413801	0.000957	0.049017	0.049014	0.000054
14	-0.416056	-0.413962	0.000900	0.048956	0.049010	0.000050
15	-0.411746	-0.413815	0.000851	0.048801	0.048996	0.000049
16	-0.415769	-0.413937	0.000805	0.049097	0.049002	0.000046
17	-0.412612	-0.413859	0.000761	0.048982	0.049001	0.000043
18	-0.410834	-0.413691	0.000736	0.048843	0.048992	0.000042
19	-0.403859	-0.413173	0.000868	0.049070	0.048996	0.000040
20	-0.418923	-0.413461	0.000872	0.048827	0.048988	0.000039
21	-0.415483	-0.413557	0.000835	0.048595	0.048969	0.000041
22	-0.414551	-0.413602	0.000797	0.048750	0.048959	0.000041
23	-0.423710	-0.414042	0.000880	0.048757	0.048950	0.000040
24	-0.423104	-0.414419	0.000923	0.048777	0.048943	0.000039
25	-0.420522	-0.414664	0.000918	0.049006	0.048946	0.000037
26	-0.408661	-0.414433	0.000912	0.049198	0.048955	0.000037
27	-0.413954	-0.414415	0.000878	0.048968	0.048956	0.000036
28	-0.411674	-0.414317	0.000851	0.048985	0.048957	0.000034
29	-0.417206	-0.414417	0.000828	0.048830	0.048952	0.000033
30	-0.407994	-0.414203	0.000828	0.049168	0.048960	0.000033
31	-0.419838	-0.414384	0.000821	0.049024	0.048962	0.000032
32	-0.418585	-0.414516	0.000806	0.049119	0.048967	0.000031
33	-0.410787	-0.414403	0.000789	0.048926	0.048965	0.000031
34	-0.409668	-0.414263	0.000778	0.049173	0.048971	0.000030
35	-0.410685	-0.414161	0.000762	0.049341	0.048982	0.000031
36	-0.409049	-0.414019	0.000754	0.049074	0.048985	0.000030
37	-0.415262	-0.414053	0.000734	0.048951	0.048984	0.000030
38	-0.413224	-0.414031	0.000715	0.048973	0.048983	0.000029
39	-0.412256	-0.413985	0.000698	0.049015	0.048984	0.000028
40	-0.416064	-0.414037	0.000682	0.048834	0.048980	0.000028
41	-0.415832	-0.414081	0.000667	0.048946	0.048980	0.000027
42	-0.409852	-0.413980	0.000659	0.049185	0.048985	0.000027
43	-0.416427	-0.414037	0.000646	0.048754	0.048979	0.000027
44	-0.416350	-0.414090	0.000633	0.048951	0.048979	0.000026
45	-0.414228	-0.414093	0.000619	0.049041	0.048980	0.000026
46	-0.415191	-0.414117	0.000606	0.048965	0.048980	0.000025
47	-0.409665	-0.414022	0.000600	0.049071	0.048982	0.000025
48	-0.410302	-0.413945	0.000593	0.048899	0.048980	0.000024
49	-0.412457	-0.413914	0.000581	0.048861	0.048977	0.000024
50	-0.409527	-0.413827	0.000576	0.049173	0.048981	0.000024
51	-0.415315	-0.413856	0.000565	0.049226	0.048986	0.000024
52	-0.422417	-0.414020	0.000578	0.048735	0.048981	0.000024
53	-0.417982	-0.414095	0.000572	0.048771	0.048977	0.000023
54	-0.408471	-0.413991	0.000571	0.049187	0.048981	0.000023
55	-0.423638	-0.414166	0.000587	0.048773	0.048977	0.000023
56	-0.418592	-0.414245	0.000582	0.048940	0.048977	0.000023
57	-0.409250	-0.414158	0.000579	0.049279	0.048982	0.000023
58	-0.409826	-0.414083	0.000573	0.049221	0.048986	0.000023
59	-0.416351	-0.414121	0.000565	0.048877	0.048984	0.000023
60	-0.412445	-0.414094	0.000556	0.049027	0.048985	0.000022
61	-0.416749	-0.414137	0.000549	0.048828	0.048982	0.000022
62	-0.414442	-0.414142	0.000540	0.049052	0.048984	0.000022
63	-0.415514	-0.414164	0.000532	0.049432	0.048991	0.000023
64	-0.416873	-0.414206	0.000525	0.049031	0.048991	0.000022
65	-0.415686	-0.414229	0.000517	0.048864	0.048989	0.000022
66	-0.421587	-0.414340	0.000521	0.048827	0.048987	0.000022
67	-0.411024	-0.414291	0.000516	0.049227	0.048991	0.000022
68	-0.411173	-0.414245	0.000510	0.049168	0.048993	0.000022
69	-0.415301	-0.414260	0.000503	0.048778	0.048990	0.000022
70	-0.416334	-0.414290	0.000497	0.049091	0.048991	0.000021
71	-0.410631	-0.414238	0.000493	0.048998	0.048992	0.000021
72	-0.411463	-0.414200	0.000487	0.049137	0.048994	0.000021
73	-0.413597	-0.414192	0.000481	0.048833	0.048991	0.000021
74	-0.415551	-0.414210	0.000474	0.049103	0.048993	0.000020
75	-0.422759	-0.414324	0.000482	0.048913	0.048992	0.000020
76	-0.417762	-0.414369	0.000477	0.049054	0.048993	0.000020
77	-0.417691	-0.414412	0.000473	0.048837	0.048991	0.000020
78	-0.412285	-0.414385	0.000468	0.049249	0.048994	0.000020
79	-0.417498	-0.414424	0.000464	0.049291	0.048998	0.000020
80	-0.413911	-0.414418	0.000458	0.049085	0.048999	0.000020
81	-0.419251	-0.414478	0.000456	0.048872	0.048997	0.000019
82	-0.416719	-0.414505	0.000451	0.048845	0.048995	0.000019
83	-0.413525	-0.414493	0.000446	0.049031	0.048996	0.000019
84	-0.415467	-0.414505	0.000441	0.048945	0.048995	0.000019
85	-0.410462	-0.414457	0.000438	0.049205	0.048998	0.000019
86	-0.410318	-0.414409	0.000436	0.049078	0.048999	0.000019
87	-0.411859	-0.414380	0.000432	0.048987	0.048998	0.000018
88	-0.414112	-0.414377	0.000427	0.048904	0.048997	0.000018
89	-0.419837	-0.414438	0.000426	0.049057	0.048998	0.000018
90	-0.409603	-0.414384	0.000425	0.049024	0.048998	0.000018
91	-0.410903	-0.414346	0.000422	0.049260	0.049001	0.000018
92	-0.419270	-0.414400	0.000421	0.048891	0.049000	0.000018
93	-0.413228	-0.414387	0.000416	0.048893	0.048999	0.000018
94	-0.413666	-0.414379	0.000412	0.049132	0.049000	0.000017
95	-0.414901	-0.414385	0.000408	0.049350	0.049004	0.000018
96	-0.408446	-0.414323	0.000408	0.049070	0.049005	0.000017
97	-0.411291	-0.414292	0.000405	0.049012	0.049005	0.000017
98	-0.412283	-0.414271	0.000402	0.048995	0.049005	0.000017
99	-0.410310	-0.414231	0.000399	0.048906	0.049004	0.000017
100	-0.415020	-0.414239	0.000396	0.049288	0.049006	0.000017
