1	-5.453375	-5.453375	0.000000	1.462408	1.462408	0.000000
2	-5.461573	-5.457474	0.004099	1.393039	1.427723	0.034685
3	-5.454324	-5.456424	0.002589	1.432351	1.429266	0.020085
4	-5.468502	-5.459443	0.003531	1.379297	1.416774	0.018914
5	-5.447255	-5.457006	0.003664	1.455372	1.424493	0.016560
6	-5.470172	-5.459200	0.003710	1.374184	1.416108	0.015910
7	-5.476573	-5.461682	0.003999	1.317469	1.402017	0.019478
8	-5.465665	-5.462180	0.003499	1.392441	1.400820	0.016911
9	-5.467483	-5.462769	0.003141	1.389801	1.399596	0.014964
10	-5.459727	-5.462465	0.002826	1.422121	1.401848	0.013572
11	-5.475790	-5.463676	0.002829	1.334776	1.395751	0.013707
12	-5.448107	-5.462379	0.002890	1.502049	1.404609	0.015331
13	-5.457649	-5.462015	0.002683	1.440054	1.407335	0.014364
14	-5.470021	-5.462587	0.002549	1.405484	1.407203	0.013299
15	-5.472659	-5.463258	0.002466	1.339914	1.402717	0.013168
16	-5.461482	-5.463147	0.002310	1.404634	1.402837	0.012318
17	-5.472102	-5.463674	0.002233	1.349267	1.399686	0.011993
18	-5.458711	-5.463398	0.002123	1.426775	1.401191	0.011406
19	-5.450216	-5.462705	0.002125	1.446275	1.403564	0.011047
20	-5.472239	-5.463181	0.002071	1.378085	1.402290	0.010557
21	-5.461130	-5.463084	0.001972	1.397415	1.402057	0.010045
22	-5.465161	-5.463178	0.001883	1.399823	1.401956	0.009578
23	-5.467195	-5.463353	0.001808	1.358506	1.400067	0.009345
24	-5.458437	-5.463148	0.001743	1.427397	1.401206	0.009019
25	-5.465565	-5.463245	0.001674	1.401773	1.401228	0.008651
26	-5.471093	-5.463546	0.001637	1.359778	1.399634	0.008463
27	-5.463889	-5.463559	0.001575	1.401994	1.399721	0.008144
28	-5.462204	-5.463511	0.001519	1.395336	1.399565	0.007849
29	-5.464360	-5.463540	0.001466	1.393881	1.399369	0.007576
30	-5.468704	-5.463712	0.001426	1.376854	1.398618	0.007358
31	-5.477346	-5.464152	0.001448	1.335689	1.396588	0.007400
32	-5.462515	-5.464101	0.001403	1.403582	1.396807	0.007169
33	-5.453670	-5.463785	0.001396	1.416556	1.397405	0.006974
34	-5.474269	-5.464093	0.001389	1.358615	1.396264	0.006861
35	-5.472157	-5.464323	0.001368	1.349961	1.394942	0.006792
36	-5.449405	-5.463909	0.001393	1.473352	1.397120	0.006951
37	-5.467606	-5.464009	0.001358	1.383450	1.396750	0.006771
38	-5.483005	-5.464509	0.001413	1.305002	1.394336	0.007018
39	-5.477689	-5.464847	0.001418	1.322247	1.392487	0.007082
40	-5.454788	-5.464595	0.001404	1.434077	1.393527	0.006980
41	-5.481034	-5.464996	0.001427	1.304820	1.391363	0.007143
42	-5.447123	-5.464571	0.001456	1.497934	1.393901	0.007419
43	-5.476372	-5.464845	0.001448	1.350355	1.392888	0.007314
44	-5.467995	-5.464917	0.001417	1.371528	1.392403	0.007163
45	-5.474410	-5.465128	0.001401	1.352652	1.391519	0.007057
46	-5.460830	-5.465034	0.001373	1.410702	1.391936	0.006915
47	-5.461272	-5.464954	0.001346	1.422089	1.392578	0.006796
48	-5.460033	-5.464852	0.001322	1.444158	1.393652	0.006739
49	-5.455805	-5.464667	0.001308	1.444365	1.394687	0.006681
50	-5.452013	-5.464414	0.001306	1.467516	1.396144	0.006706
51	-5.461397	-5.464355	0.001282	1.411903	1.396453	0.006581
52	-5.478455	-5.464626	0.001286	1.314040	1.394868	0.006645
53	-5.456396	-5.464471	0.001271	1.444710	1.395809	0.006586
54	-5.467349	-5.464524	0.001248	1.397807	1.395846	0.006463
55	-5.473197	-5.464682	0.001235	1.351558	1.395040	0.006395
56	-5.466960	-5.464722	0.001214	1.381529	1.394799	0.006284
57	-5.459361	-5.464628	0.001196	1.398755	1.394868	0.006173
58	-5.474017	-5.464790	0.001186	1.337016	1.393871	0.006148
59	-5.470300	-5.464884	0.001170	1.371792	1.393497	0.006054
60	-5.465504	-5.464894	0.001150	1.394230	1.393509	0.005952
61	-5.461718	-5.464842	0.001132	1.424654	1.394020	0.005876
62	-5.480383	-5.465093	0.001142	1.307632	1.392626	0.005946
63	-5.458198	-5.464983	0.001129	1.426375	1.393162	0.005875
64	-5.455791	-5.464839	0.001120	1.446303	1.393992	0.005842
65	-5.453572	-5.464666	0.001116	1.442406	1.394737	0.005800
66	-5.454762	-5.464516	0.001109	1.468334	1.395852	0.005819
67	-5.461432	-5.464470	0.001094	1.402317	1.395949	0.005732
68	-5.468521	-5.464530	0.001079	1.376692	1.395666	0.005654
69	-5.460255	-5.464468	0.001065	1.422804	1.396059	0.005586
70	-5.462026	-5.464433	0.001050	1.414000	1.396315	0.005511
71	-5.477938	-5.464623	0.001053	1.341307	1.395540	0.005488
72	-5.475071	-5.464768	0.001048	1.341439	1.394789	0.005463
73	-5.454631	-5.464629	0.001043	1.463508	1.395730	0.005470
74	-5.460696	-5.464576	0.001030	1.423462	1.396105	0.005408
75	-5.457332	-5.464480	0.001021	1.435132	1.396625	0.005361
76	-5.458404	-5.464400	0.001011	1.435337	1.397135	0.005314
77	-5.472583	-5.464506	0.001003	1.364227	1.396707	0.005262
78	-5.460307	-5.464452	0.000992	1.416773	1.396965	0.005201
79	-5.466182	-5.464474	0.000979	1.403668	1.397050	0.005135
80	-5.464715	-5.464477	0.000967	1.378804	1.396821	0.005076
81	-5.466186	-5.464498	0.000955	1.379245	1.396605	0.005017
82	-5.456586	-5.464402	0.000948	1.455503	1.397323	0.005008
83	-5.454363	-5.464281	0.000945	1.449593	1.397953	0.004987
84	-5.465712	-5.464298	0.000933	1.377766	1.397712	0.004933
85	-5.462481	-5.464276	0.000923	1.399716	1.397736	0.004875
86	-5.474213	-5.464392	0.000919	1.358910	1.397284	0.004839
87	-5.457447	-5.464312	0.000912	1.452662	1.397921	0.004825
88	-5.471176	-5.464390	0.000905	1.372007	1.397626	0.004779
89	-5.457716	-5.464315	0.000898	1.412659	1.397795	0.004728
90	-5.468858	-5.464365	0.000889	1.363773	1.397417	0.004690
91	-5.456914	-5.464284	0.000883	1.430058	1.397776	0.004652
92	-5.460478	-5.464242	0.000875	1.411946	1.397930	0.004604
93	-5.466265	-5.464264	0.000865	1.392464	1.397871	0.004555
94	-5.470527	-5.464331	0.000859	1.349854	1.397360	0.004535
95	-5.459247	-5.464277	0.000851	1.441583	1.397826	0.004511
96	-5.463259	-5.464266	0.000842	1.405437	1.397905	0.004464
97	-5.457283	-5.464194	0.000837	1.431919	1.398256	0.004432
98	-5.464748	-5.464200	0.000828	1.403653	1.398311	0.004387
99	-5.457740	-5.464135	0.000822	1.429201	1.398623	0.004354
100	-5.464576	-5.464139	0.000814	1.383243	1.398469	0.004313
