0.550000	0.000000	-0.955630	0.000990	0.396043	0.005094	-0.030132	0.035827	59.885218	0.877240
0.650000	0.000000	-0.912992	0.000755	0.430049	0.004811	-0.011922	0.018344	32.505400	0.467218
0.750000	0.000000	-0.869132	0.000556	0.435153	0.003153	-0.002044	0.010863	18.532514	0.256022
0.850000	0.000000	-0.826563	0.000422	0.436935	0.002271	0.005725	0.007132	12.300572	0.143457
0.950000	0.000000	-0.782814	0.000468	0.427274	0.001798	0.002268	0.004798	8.613028	0.089695
1.050000	0.000000	-0.740845	0.000387	0.408756	0.001522	0.000937	0.003738	6.347946	0.055754
1.150000	0.000000	-0.701549	0.000381	0.386019	0.001070	0.001550	0.002589	4.937040	0.040922
1.250000	0.000000	-0.664418	0.000341	0.358881	0.001049	-0.001298	0.001852	3.959713	0.027640
1.350000	0.000000	-0.629788	0.000324	0.332049	0.000977	-0.001144	0.001579	3.261266	0.020514
1.450000	0.000000	-0.598046	0.000290	0.306905	0.000860	-0.001163	0.001460	2.755366	0.014613
1.550000	0.000000	-0.568671	0.000253	0.281783	0.000649	-0.001466	0.001330	2.359804	0.010270
1.650000	0.000000	-0.541635	0.000225	0.259448	0.000578	-0.001265	0.001219	2.055499	0.008888
1.750000	0.000000	-0.516712	0.000210	0.239544	0.000562	-0.001003	0.001049	1.806315	0.007079
1.850000	0.000000	-0.493589	0.000211	0.221156	0.000566	-0.001198	0.000920	1.602321	0.006427
1.950000	0.000000	-0.472399	0.000223	0.204206	0.000554	-0.001086	0.000814	1.442039	0.004818
2.050000	0.000000	-0.452622	0.000229	0.189484	0.000515	-0.000937	0.000813	1.304826	0.004048
