0.550000	0.020000	-0.986714	0.001092	0.388254	0.007914	0.801996	0.014155	73.090859	0.752274
0.650000	0.020000	-0.937842	0.001266	0.515147	0.004962	0.547587	0.014478	41.948459	0.661232
0.750000	0.020000	-0.885679	0.000869	0.505360	0.004237	0.351276	0.010144	23.510129	0.349329
0.850000	0.020000	-0.837150	0.000640	0.480981	0.003157	0.242675	0.006265	14.673807	0.188242
0.950000	0.020000	-0.790070	0.000563	0.450411	0.002253	0.173266	0.004626	9.710996	0.107462
1.050000	0.020000	-0.746034	0.000446	0.423374	0.001726	0.127902	0.003195	6.971774	0.065589
1.150000	0.020000	-0.705440	0.000403	0.394990	0.001191	0.099343	0.002311	5.323610	0.042126
1.250000	0.020000	-0.667195	0.000373	0.365520	0.001032	0.078004	0.001928	4.175642	0.028748
1.350000	0.020000	-0.631908	0.000350	0.337285	0.001091	0.063848	0.001676	3.399492	0.022672
1.450000	0.020000	-0.599825	0.000310	0.310895	0.000935	0.053702	0.001501	2.841492	0.015784
1.550000	0.020000	-0.569948	0.000250	0.284886	0.000669	0.045312	0.001287	2.418680	0.012267
1.650000	0.020000	-0.542674	0.000220	0.261786	0.000613	0.038970	0.001113	2.094760	0.009731
1.750000	0.020000	-0.517812	0.000209	0.241315	0.000550	0.034973	0.001048	1.834715	0.007848
1.850000	0.020000	-0.494400	0.000205	0.222453	0.000580	0.030716	0.000913	1.623946	0.007332
1.950000	0.020000	-0.473115	0.000214	0.205417	0.000571	0.027236	0.000826	1.459279	0.005336
2.050000	0.020000	-0.453320	0.000222	0.190393	0.000538	0.024718	0.000792	1.317659	0.004348
