0.500000	0.000000	-0.973348	0.000623	0.330869	0.004992	0.002012	0.049718	78.225557	0.635342
0.600000	0.000000	-0.935224	0.000660	0.421685	0.003374	0.006282	0.016080	44.268517	0.490478
0.700000	0.000000	-0.891017	0.000538	0.433333	0.002884	-0.003446	0.008347	24.327009	0.290286
0.800000	0.000000	-0.848354	0.000397	0.438895	0.002185	-0.002081	0.006419	15.067448	0.127140
0.900000	0.000000	-0.804721	0.000366	0.431493	0.001841	-0.002436	0.004923	10.158718	0.074652
1.000000	0.000000	-0.761711	0.000335	0.418007	0.001452	-0.004690	0.003225	7.375046	0.047880
1.100000	0.000000	-0.720944	0.000258	0.397203	0.001350	0.001605	0.002478	5.639784	0.030941
1.200000	0.000000	-0.682604	0.000312	0.371658	0.000913	-0.002422	0.001764	4.455748	0.022485
1.300000	0.000000	-0.646683	0.000271	0.343919	0.000846	0.002532	0.001190	3.579909	0.016580
1.400000	0.000000	-0.613632	0.000292	0.318888	0.000927	0.001345	0.001320	2.995032	0.011802
1.500000	0.000000	-0.582451	0.000197	0.293601	0.000654	0.000303	0.001227	2.533756	0.011213
1.600000	0.000000	-0.554499	0.000253	0.270906	0.000570	-0.001290	0.000893	2.188480	0.009212
1.700000	0.000000	-0.528362	0.000230	0.248933	0.000671	0.000950	0.001087	1.901398	0.005708
1.800000	0.000000	-0.504639	0.000205	0.230157	0.000455	0.000835	0.000849	1.688617	0.006167
1.900000	0.000000	-0.483011	0.000249	0.212236	0.000407	-0.000734	0.000705	1.512425	0.005152
2.000000	0.000000	-0.462170	0.000223	0.197103	0.000464	-0.000072	0.000741	1.358404	0.004209
