0.500000	0.020000	-1.004379	0.000624	0.245646	0.008598	0.901340	0.008793	90.890179	0.444972
0.600000	0.020000	-0.964143	0.000761	0.485049	0.003798	0.662607	0.010595	56.412627	0.476088
0.700000	0.020000	-0.913037	0.000694	0.518664	0.004201	0.442579	0.008749	31.880086	0.380185
0.800000	0.020000	-0.860894	0.000472	0.496088	0.002808	0.283786	0.006045	18.283699	0.176955
0.900000	0.020000	-0.813122	0.000423	0.464611	0.002162	0.201086	0.004358	11.865703	0.105001
1.000000	0.020000	-0.767518	0.000372	0.441062	0.001665	0.144561	0.002655	8.254180	0.045926
1.100000	0.020000	-0.724507	0.000319	0.409094	0.001050	0.108546	0.002176	6.059596	0.038516
1.200000	0.020000	-0.685529	0.000359	0.379529	0.001039	0.086791	0.001928	4.692610	0.029374
1.300000	0.020000	-0.649452	0.000302	0.349570	0.000966	0.074609	0.001549	3.765143	0.017149
1.400000	0.020000	-0.615540	0.000231	0.321888	0.000802	0.061829	0.001155	3.089432	0.012949
1.500000	0.020000	-0.584474	0.000234	0.295529	0.000795	0.050932	0.001127	2.601450	0.010519
1.600000	0.020000	-0.556149	0.000292	0.273642	0.000641	0.042688	0.000885	2.230168	0.007630
1.700000	0.020000	-0.530235	0.000260	0.249194	0.000649	0.037641	0.000909	1.940507	0.008140
1.800000	0.020000	-0.505675	0.000237	0.230643	0.000505	0.033620	0.000819	1.725006	0.005514
1.900000	0.020000	-0.483554	0.000236	0.213111	0.000427	0.030453	0.000734	1.538394	0.005313
2.000000	0.020000	-0.463545	0.000216	0.197182	0.000476	0.025459	0.000724	1.376272	0.004011
