-0.441934
-0.459793
-0.420831
-0.451342
-0.451425
-0.431377
-0.448288
-0.450799
-0.429544
-0.449932
-0.436012
-0.446058
-0.439604
-0.429572
-0.420573
-0.447697
-0.420298
-0.436533
-0.440989
-0.439138
-0.431424
-0.440101
-0.443005
-0.441201
-0.434682
-0.434461
-0.446585
-0.426157
-0.444477
-0.450460
-0.437598
-0.442586
-0.436633
-0.432841
-0.443331
-0.446255
-0.409546
-0.425981
-0.443090
-0.442228
-0.436147
-0.431751
-0.455097
-0.436414
-0.425305
-0.440073
-0.427603
-0.422886
-0.441400
-0.441799
-0.452034
-0.439192
-0.445016
-0.453683
-0.427678
-0.444885
-0.446556
-0.426362
-0.435495
-0.447656
-0.438330
-0.431536
-0.435957
-0.411847
-0.439595
-0.427246
-0.415686
-0.428362
-0.438090
-0.433148
-0.447549
-0.441162
-0.452236
-0.432189
-0.431518
-0.445331
-0.456848
-0.453517
-0.447891
-0.439068
-0.435114
-0.448776
-0.443650
-0.425148
-0.443098
-0.449370
-0.450060
-0.417366
-0.448933
-0.456826
-0.442823
-0.426472
-0.448397
-0.444460
-0.451729
-0.450143
-0.438337
-0.448257
-0.439502
-0.443898
